0 0.1951923076923077 0.7879807692307693 0.0782051282051282 0.08653846153846154
0 0.24278846153846154 0.7574519230769231 0.07724358974358975 0.11298076923076923
0 0.11522435897435897 0.8500000000000001 0.08621794871794872 0.12692307692307692
0 0.35705128205128206 0.359375 0.08717948717948718 0.10432692307692308
0 0.4913461538461538 0.2512019230769231 0.06474358974358975 0.08605769230769231
0 0.4463141025641026 0.23798076923076925 0.05416666666666667 0.10096153846153846
0 0.5258012820512821 0.05504807692307693 0.06634615384615385 0.09182692307692308
0 0.5745192307692307 0.10673076923076924 0.055448717948717946 0.07788461538461539
0 0.6400641025641025 0.3230769230769231 0.05448717948717949 0.07403846153846154
0 0.9245192307692308 0.184375 0.06506410256410257 0.11201923076923077
0 0.857051282051282 0.18485576923076924 0.07115384615384615 0.10432692307692308
0 0.8764423076923077 0.08990384615384615 0.06634615384615385 0.09711538461538462
