0 0.23381410256410257 0.8793269230769232 0.07532051282051282 0.0903846153846154
0 0.2725961538461538 0.8480769230769232 0.0842948717948718 0.10865384615384616
0 0.15336538461538463 0.9375 0.08237179487179487 0.11538461538461539
0 0.383974358974359 0.46490384615384617 0.07179487179487179 0.0951923076923077
0 0.5520833333333334 0.15985576923076925 0.06698717948717949 0.09278846153846154
0 0.5233974358974359 0.35360576923076925 0.05576923076923077 0.08605769230769231
0 0.47836538461538464 0.3418269230769231 0.058653846153846154 0.08846153846153847
0 0.6038461538461538 0.203125 0.05576923076923077 0.06586538461538462
0 0.9057692307692308 0.1704326923076923 0.07756410256410257 0.1216346153846154
0 0.9469551282051282 0.27043269230769235 0.07724358974358975 0.11586538461538462
