0 0.07884615384615384 0.16298076923076923 0.05576923076923077 0.07980769230769232
0 0.5733974358974359 0.4985576923076923 0.03461538461538462 0.057692307692307696
0 0.700801282051282 0.45 0.03493589743589744 0.04807692307692308
0 0.6038461538461538 0.48052884615384617 0.0391025641025641 0.05336538461538462
0 0.6395833333333333 0.7161057692307693 0.03878205128205128 0.06490384615384616
0 0.7514423076923077 0.7591346153846155 0.041346153846153845 0.058653846153846154
0 0.8032051282051282 0.8067307692307693 0.04358974358974359 0.057692307692307696
0 0.8751602564102564 0.8817307692307693 0.03942307692307692 0.049038461538461545
0 0.8907051282051281 0.9730769230769232 0.03653846153846154 0.051923076923076926
0 0.8520833333333333 0.9750000000000001 0.030448717948717948 0.049038461538461545
0 0.7639423076923076 0.6848557692307693 0.040705128205128206 0.058173076923076925
0 0.8963141025641026 0.6317307692307693 0.035576923076923075 0.06153846153846154
0 0.93125 0.65 0.03685897435897436 0.060576923076923084
0 0.958173076923077 0.6598557692307693 0.03685897435897436 0.05625
0 0.9689102564102564 0.9593750000000001 0.03461538461538462 0.052403846153846155
0 0.6120192307692308 0.5129807692307693 0.040705128205128206 0.0451923076923077
0 0.9 0.18173076923076925 0.04038461538461539 0.05288461538461539
0 0.93125 0.21490384615384617 0.038141025641025644 0.060576923076923084
0 0.8889423076923076 0.23221153846153847 0.02980769230769231 0.04807692307692308
0 0.7033653846153847 0.17355769230769233 0.041987179487179484 0.05288461538461539
