0 0.46137820512820515 0.10985576923076924 0.05673076923076923 0.08028846153846154
0 0.9400641025641026 0.18677884615384616 0.04871794871794872 0.08413461538461539
0 0.46939102564102564 0.7824519230769231 0.06378205128205128 0.09086538461538463
0 0.4846153846153846 0.9548076923076924 0.06217948717948718 0.08653846153846154
0 0.5113782051282051 0.8055288461538462 0.05608974358974359 0.09278846153846154
0 0.5631410256410256 0.8656250000000001 0.05641025641025641 0.08701923076923078
0 0.43205128205128207 0.8086538461538462 0.07051282051282051 0.09615384615384616
0 0.23958333333333334 0.6317307692307693 0.05737179487179487 0.0826923076923077
0 0.1294871794871795 0.478125 0.05641025641025641 0.07836538461538461
0 0.36891025641025643 0.5024038461538461 0.04871794871794872 0.07403846153846154
0 0.23637820512820512 0.9757211538461539 0.061217948717948716 0.04759615384615385
0 0.3732371794871795 0.034375 0.06378205128205128 0.06875
0 0.23525641025641025 0.7699519230769232 0.04807692307692308 0.06875
0 0.3006410256410256 0.6524038461538462 0.046153846153846156 0.06538461538461539
