0 0.6296474358974359 0.48918269230769235 0.06185897435897436 0.08605769230769231
0 0.7594551282051282 0.5180288461538461 0.05929487179487179 0.09182692307692308
0 0.16826923076923078 0.8168269230769232 0.07435897435897436 0.11153846153846154
0 0.18830128205128205 0.5766826923076923 0.061217948717948716 0.09086538461538463
0 0.34951923076923075 0.3548076923076923 0.05993589743589744 0.08557692307692308
0 0.3189102564102564 0.375 0.057692307692307696 0.08365384615384616
0 0.4376602564102564 0.6567307692307692 0.06762820512820512 0.09903846153846155
0 0.5637820512820513 0.6574519230769231 0.06217948717948718 0.07836538461538461
0 0.9419871794871795 0.2485576923076923 0.04935897435897436 0.07403846153846154
0 0.19759615384615384 0.8879807692307693 0.06762820512820512 0.10096153846153846
0 0.09823717948717949 0.8668269230769231 0.05416666666666667 0.07307692307692308
0 0.14567307692307693 0.8793269230769232 0.049679487179487176 0.06730769230769232
0 0.525 0.08365384615384616 0.05448717948717949 0.07211538461538462
0 0.4894230769230769 0.08365384615384616 0.05448717948717949 0.07980769230769232
0 0.10080128205128205 0.664423076923077 0.06057692307692308 0.07307692307692308
0 0.08205128205128205 0.7173076923076923 0.05512820512820513 0.06923076923076923
