0 0.23653846153846153 0.48173076923076924 0.05897435897435897 0.08653846153846154
0 0.29775641025641025 0.6742788461538461 0.0532051282051282 0.08221153846153846
0 0.08701923076923077 0.7622596153846154 0.05096153846153846 0.07259615384615385
0 0.18830128205128205 0.9254807692307693 0.06378205128205128 0.09230769230769231
0 0.24951923076923077 0.9259615384615385 0.06057692307692308 0.08942307692307692
0 0.2325320512820513 0.8230769230769232 0.05993589743589744 0.0903846153846154
0 0.12451923076923077 0.6930288461538462 0.04903846153846154 0.07355769230769231
0 0.1889423076923077 0.7110576923076923 0.055448717948717946 0.07692307692307693
0 0.49775641025641026 0.6512019230769232 0.046794871794871795 0.0716346153846154
0 0.9576923076923077 0.8211538461538462 0.05384615384615385 0.0826923076923077
0 0.9783653846153846 0.9725961538461539 0.04262820512820513 0.05384615384615385
0 0.3764423076923077 0.28052884615384616 0.08044871794871795 0.11778846153846155
0 0.2826923076923077 0.11177884615384616 0.07628205128205129 0.10336538461538462
0 0.6532051282051282 0.10985576923076924 0.07692307692307693 0.11971153846153847
0 0.6290064102564102 0.17932692307692308 0.06762820512820512 0.1076923076923077
0 0.26330128205128206 0.42379807692307697 0.058653846153846154 0.07355769230769231
0 0.03012820512820513 0.51875 0.058333333333333334 0.08173076923076923
0 0.5671474358974359 0.14879807692307692 0.06185897435897436 0.10048076923076923
