0 0.8512820512820513 0.5473557692307692 0.052564102564102565 0.0764423076923077
0 0.9094551282051282 0.6298076923076923 0.06057692307692308 0.08365384615384616
0 0.49262820512820515 0.7992788461538461 0.05576923076923077 0.07932692307692309
0 0.3213141025641026 0.7387019230769232 0.04583333333333333 0.07355769230769231
0 0.4081730769230769 0.925 0.04006410256410257 0.06538461538461539
0 0.4282051282051282 0.8473557692307693 0.05705128205128205 0.08509615384615385
0 0.4376602564102564 0.7855769230769232 0.0483974358974359 0.07211538461538462
0 0.7719551282051282 0.6860576923076923 0.04391025641025641 0.058653846153846154
0 0.7665064102564103 0.41802884615384617 0.05352564102564102 0.06586538461538462
0 0.38958333333333334 0.19615384615384618 0.0483974358974359 0.06826923076923078
0 0.4126602564102564 0.07427884615384615 0.047115384615384615 0.06682692307692308
0 0.5602564102564103 0.06610576923076923 0.052564102564102565 0.07067307692307692
0 0.4600961538461538 0.2 0.0483974358974359 0.07211538461538462
0 0.5033653846153846 0.20625000000000002 0.04262820512820513 0.07019230769230769
0 0.607051282051282 0.28052884615384616 0.047435897435897434 0.0639423076923077
0 0.5189102564102565 0.7673076923076924 0.046153846153846156 0.07211538461538462
0 0.14439102564102563 0.4444711538461539 0.04519230769230769 0.07067307692307692
0 0.14455128205128204 0.03870192307692308 0.04807692307692308 0.07259615384615385
0 0.4307692307692308 0.05552884615384616 0.0391025641025641 0.06490384615384616
0 0.7426282051282052 0.6266826923076924 0.04294871794871795 0.06586538461538462
