0 0.20512820512820512 0.5603365384615385 0.04935897435897436 0.08317307692307693
0 0.15576923076923077 0.6793269230769231 0.05512820512820513 0.0903846153846154
0 0.05 0.6754807692307693 0.04487179487179487 0.06153846153846154
0 0.021955128205128203 0.32740384615384616 0.04455128205128205 0.11730769230769231
0 0.07147435897435897 0.03365384615384616 0.06217948717948718 0.06826923076923078
0 0.12083333333333333 0.03173076923076923 0.05384615384615385 0.06346153846153846
0 0.2512820512820513 0.22355769230769232 0.05064102564102564 0.07019230769230769
0 0.07211538461538461 0.48365384615384616 0.05897435897435897 0.07884615384615384
0 0.014423076923076924 0.7300480769230769 0.029487179487179487 0.08605769230769231
0 0.03012820512820513 0.6980769230769232 0.04551282051282051 0.06923076923076923
0 0.19647435897435897 0.6418269230769231 0.04551282051282051 0.07500000000000001
0 0.24326923076923077 0.5774038461538462 0.052564102564102565 0.08846153846153847
0 0.27147435897435895 0.5161057692307692 0.057692307692307696 0.08125
