0 0.7814102564102564 0.27740384615384617 0.07243589743589744 0.1028846153846154
0 0.7277243589743589 0.7418269230769231 0.06442307692307692 0.07980769230769232
0 0.6458333333333334 0.8449519230769231 0.06666666666666667 0.09278846153846154
0 0.3625 0.8012019230769232 0.057692307692307696 0.09471153846153847
0 0.30833333333333335 0.8411057692307693 0.06794871794871794 0.10913461538461539
0 0.3157051282051282 0.7262019230769231 0.06666666666666667 0.11971153846153847
0 0.24695512820512822 0.6961538461538462 0.05929487179487179 0.11057692307692309
0 0.0983974358974359 0.8567307692307693 0.07243589743589744 0.10096153846153846
0 0.4439102564102564 0.7918269230769232 0.05448717948717949 0.06730769230769232
0 0.4375 0.6524038461538462 0.075 0.1076923076923077
0 0.40512820512820513 0.6728365384615385 0.06346153846153846 0.09182692307692308
0 0.5376602564102564 0.7485576923076923 0.06698717948717949 0.09615384615384616
0 0.5956730769230769 0.15745192307692307 0.06378205128205128 0.09663461538461539
0 0.5157051282051281 0.22620192307692308 0.07115384615384615 0.10048076923076923
