0 0.8088141025641026 0.20552884615384617 0.05929487179487179 0.08605769230769231
0 0.6894230769230769 0.2949519230769231 0.07243589743589744 0.10240384615384616
0 0.6171474358974359 0.1887019230769231 0.07019230769230769 0.09278846153846154
0 0.3557692307692308 0.22740384615384618 0.04551282051282051 0.07019230769230769
0 0.3782051282051282 0.25673076923076926 0.0532051282051282 0.07403846153846154
0 0.3921474358974359 0.09615384615384616 0.06314102564102564 0.09230769230769231
0 0.44711538461538464 0.21177884615384618 0.051923076923076926 0.0764423076923077
0 0.20272435897435898 0.17740384615384616 0.06826923076923076 0.08365384615384616
0 0.17147435897435898 0.20985576923076923 0.07948717948717948 0.10528846153846154
0 0.2126602564102564 0.043028846153846154 0.07403846153846154 0.08701923076923078
0 0.06939102564102564 0.37115384615384617 0.05673076923076923 0.08653846153846154
0 0.03012820512820513 0.21298076923076925 0.06025641025641026 0.10576923076923078
0 0.0594551282051282 0.24735576923076924 0.06634615384615385 0.09086538461538463
0 0.07003205128205128 0.07932692307692309 0.06314102564102564 0.10961538461538461
0 0.023878205128205127 0.05120192307692308 0.04775641025641025 0.09855769230769232
