0 0.5219551282051282 0.6661057692307693 0.09967948717948719 0.14951923076923077
0 0.6019230769230769 0.7168269230769231 0.10256410256410256 0.14903846153846154
0 0.5189102564102565 0.7574519230769231 0.09615384615384616 0.12740384615384617
0 0.14134615384615384 0.41875 0.0685897435897436 0.11057692307692309
0 0.04391025641025641 0.6879807692307692 0.08076923076923077 0.11634615384615385
0 0.38269230769230766 0.9668269230769231 0.06794871794871794 0.06538461538461539
0 0.12628205128205128 0.6992788461538462 0.07179487179487179 0.09471153846153847
0 0.10192307692307692 0.4824519230769231 0.07051282051282051 0.06971153846153846
0 0.028205128205128206 0.565625 0.05576923076923077 0.1264423076923077
0 0.06458333333333334 0.05120192307692308 0.08365384615384615 0.10144230769230769
0 0.425 0.7367788461538461 0.0967948717948718 0.11201923076923077
