0 0.7238782051282051 0.3737980769230769 0.05416666666666667 0.07451923076923077
0 0.7171474358974359 0.40913461538461543 0.06698717948717949 0.09134615384615385
0 0.7533653846153846 0.33485576923076926 0.05929487179487179 0.0889423076923077
0 0.7113782051282052 0.27740384615384617 0.07275641025641026 0.09807692307692309
0 0.6150641025641026 0.875 0.05576923076923077 0.08461538461538462
0 0.6477564102564103 0.9024038461538462 0.05384615384615385 0.08461538461538462
0 0.5883012820512821 0.9019230769230769 0.055448717948717946 0.0951923076923077
0 0.43830128205128205 0.5492788461538461 0.04775641025641025 0.07259615384615385
0 0.3876602564102564 0.5091346153846155 0.055448717948717946 0.07692307692307693
0 0.2546474358974359 0.8762019230769231 0.05993589743589744 0.09086538461538463
0 0.20576923076923076 0.9012019230769232 0.06987179487179487 0.0764423076923077
0 0.2189102564102564 0.9355769230769231 0.05384615384615385 0.06826923076923078
0 0.24887820512820513 0.9786057692307693 0.07147435897435897 0.040865384615384616
