0 0.26330128205128206 0.5692307692307692 0.06634615384615385 0.10096153846153846
0 0.22083333333333333 0.6382211538461539 0.06666666666666667 0.07740384615384616
0 0.28878205128205126 0.8262019230769231 0.058333333333333334 0.08605769230769231
0 0.028205128205128206 0.7766826923076924 0.05705128205128205 0.08221153846153846
0 0.15897435897435896 0.4730769230769231 0.06666666666666667 0.08846153846153847
0 0.1657051282051282 0.5286057692307693 0.06666666666666667 0.0764423076923077
0 0.13958333333333334 0.40625 0.05929487179487179 0.08365384615384616
0 0.07580128205128205 0.4723557692307693 0.06185897435897436 0.10240384615384616
0 0.047115384615384615 0.17740384615384616 0.041025641025641026 0.06442307692307693
0 0.05881410256410256 0.21682692307692308 0.06762820512820512 0.10096153846153846
