0 0.5088141025641025 0.4899038461538462 0.06826923076923076 0.09807692307692309
0 0.4014423076923077 0.5367788461538462 0.06762820512820512 0.09471153846153847
0 0.31009615384615385 0.4810096153846154 0.058653846153846154 0.10240384615384616
0 0.3326923076923077 0.40552884615384616 0.05576923076923077 0.09567307692307693
0 0.3719551282051282 0.43004807692307695 0.05608974358974359 0.10144230769230769
0 0.20705128205128204 0.7223557692307693 0.05448717948717949 0.0889423076923077
0 0.18189102564102563 0.7817307692307692 0.06698717948717949 0.07307692307692308
0 0.13830128205128206 0.7379807692307693 0.05096153846153846 0.07788461538461539
0 0.15897435897435896 0.6629807692307693 0.04871794871794872 0.07596153846153847
0 0.19375 0.3730769230769231 0.05096153846153846 0.08365384615384616
0 0.16330128205128205 0.3043269230769231 0.04519230769230769 0.07019230769230769
0 0.08637820512820513 0.3605769230769231 0.05352564102564102 0.07403846153846154
0 0.04455128205128205 0.2899038461538462 0.046153846153846156 0.08942307692307692
0 0.035256410256410256 0.2110576923076923 0.05128205128205128 0.07211538461538462
0 0.10384615384615385 0.11995192307692308 0.05641025641025641 0.08221153846153846
0 0.032532051282051284 0.0625 0.0375 0.06442307692307693
0 0.3145833333333333 0.8180288461538462 0.04326923076923077 0.0639423076923077
