0 0.7865384615384615 0.44062500000000004 0.05128205128205128 0.06778846153846155
0 0.782051282051282 0.4913461538461539 0.06666666666666667 0.07500000000000001
0 0.9208333333333333 0.5805288461538461 0.052564102564102565 0.08028846153846154
0 0.958974358974359 0.5855769230769231 0.04487179487179487 0.07980769230769232
0 0.9426282051282051 0.5060096153846154 0.05961538461538462 0.06490384615384616
0 0.6831730769230769 0.14879807692307692 0.06698717948717949 0.0889423076923077
0 0.6081730769230769 0.22115384615384617 0.058653846153846154 0.08365384615384616
0 0.6081730769230769 0.7036057692307692 0.06826923076923076 0.09471153846153847
0 0.5568910256410257 0.6699519230769231 0.06826923076923076 0.10817307692307693
0 0.6206730769230769 0.7286057692307693 0.05416666666666667 0.08605769230769231
0 0.7294871794871794 0.8762019230769231 0.0532051282051282 0.07836538461538461
0 0.7552884615384615 0.9350961538461539 0.06378205128205128 0.08365384615384616
0 0.8277243589743589 0.9341346153846154 0.04262820512820513 0.08076923076923077
0 0.8713141025641026 0.940625 0.058653846153846154 0.08317307692307693
0 0.533974358974359 0.8723557692307693 0.05 0.06298076923076923
0 0.47451923076923075 0.7375 0.06442307692307692 0.08846153846153847
0 0.3564102564102564 0.6512019230769232 0.052564102564102565 0.06778846153846155
0 0.16762820512820512 0.5617788461538462 0.047435897435897434 0.0639423076923077
0 0.1983974358974359 0.4930288461538462 0.04935897435897436 0.06201923076923077
