0 0.8261217948717949 0.21250000000000002 0.08365384615384615 0.12884615384615386
0 0.7647435897435897 0.16370192307692308 0.07756410256410257 0.13221153846153846
0 0.8899038461538462 0.15048076923076925 0.09391025641025641 0.12596153846153846
0 0.8487179487179487 0.309375 0.07243589743589744 0.09855769230769232
0 0.8310897435897435 0.3875 0.08076923076923077 0.10673076923076924
0 0.9173076923076923 0.3961538461538462 0.08141025641025641 0.11538461538461539
0 0.8761217948717949 0.43485576923076924 0.07211538461538461 0.10144230769230769
0 0.8110576923076923 0.878125 0.07403846153846154 0.10336538461538462
0 0.7899038461538461 0.26875 0.07660256410256411 0.1076923076923077
0 0.9836538461538461 0.4048076923076923 0.03333333333333333 0.10865384615384616
