0 0.47804487179487176 0.6661057692307693 0.09967948717948719 0.14951923076923077
0 0.3980769230769231 0.7168269230769231 0.10256410256410256 0.14903846153846154
0 0.48108974358974355 0.7574519230769231 0.09615384615384616 0.12740384615384617
0 0.8586538461538462 0.41875 0.0685897435897436 0.11057692307692309
0 0.9560897435897436 0.6879807692307692 0.08076923076923077 0.11634615384615385
0 0.6173076923076923 0.9668269230769231 0.06794871794871794 0.06538461538461539
0 0.8737179487179487 0.6992788461538462 0.07179487179487179 0.09471153846153847
0 0.8980769230769231 0.4824519230769231 0.07051282051282051 0.06971153846153846
0 0.9717948717948718 0.565625 0.05576923076923077 0.1264423076923077
0 0.9354166666666667 0.05120192307692308 0.08365384615384615 0.10144230769230769
0 0.575 0.7367788461538461 0.0967948717948718 0.11201923076923077
