0 0.4822115384615384 0.2329326923076923 0.07660256410256411 0.11009615384615386
0 0.4011217948717949 0.23605769230769233 0.08621794871794872 0.13076923076923078
0 0.4291666666666667 0.3786057692307693 0.07948717948717948 0.09759615384615385
0 0.14871794871794874 0.6629807692307693 0.0967948717948718 0.125
0 0.0641025641025641 0.7538461538461538 0.07692307692307693 0.10384615384615385
0 0.09230769230769231 0.6247596153846154 0.06474358974358975 0.09951923076923078
0 0.7730769230769231 0.8211538461538462 0.07756410256410257 0.10865384615384616
0 0.8235576923076923 0.8286057692307692 0.061217948717948716 0.0889423076923077
0 0.9743589743589743 0.8567307692307693 0.05128205128205128 0.0951923076923077
0 0.6354166666666667 0.07307692307692308 0.0842948717948718 0.10865384615384616
0 0.5030448717948718 0.15168269230769232 0.07596153846153846 0.09663461538461539
