0 0.6123397435897435 0.3855769230769231 0.08173076923076923 0.1076923076923077
0 0.3959935897435898 0.770673076923077 0.06506410256410257 0.0951923076923077
0 0.35608974358974355 0.3855769230769231 0.047435897435897434 0.06538461538461539
0 0.18301282051282053 0.5805288461538461 0.05 0.07740384615384616
0 0.7679487179487179 0.68125 0.07948717948717948 0.1125
0 0.07291666666666663 0.7810096153846154 0.04519230769230769 0.07740384615384616
0 0.4916666666666667 0.41298076923076926 0.046794871794871795 0.06153846153846154
0 0.7522435897435897 0.3699519230769231 0.06923076923076923 0.06971153846153846
0 0.8004807692307692 0.3610576923076923 0.06698717948717949 0.09615384615384616
0 0.8966346153846154 0.06610576923076923 0.08365384615384615 0.09855769230769232
0 0.5536858974358974 0.052403846153846155 0.06955128205128205 0.0951923076923077
