0 0.8030448717948718 0.4399038461538462 0.06826923076923076 0.10673076923076924
0 0.7474358974358974 0.5598557692307693 0.07179487179487179 0.10432692307692308
0 0.8267628205128206 0.35985576923076923 0.052884615384615384 0.06201923076923077
0 0.25240384615384615 0.06923076923076923 0.06762820512820512 0.08750000000000001
0 0.2948717948717948 0.6629807692307693 0.0858974358974359 0.09326923076923077
0 0.25929487179487176 0.6012019230769231 0.07884615384615384 0.11298076923076923
0 0.49246794871794874 0.84375 0.06698717948717949 0.09711538461538462
0 0.5235576923076923 0.9137019230769231 0.07083333333333333 0.10144230769230769
0 0.45160256410256405 0.9274038461538462 0.0641025641025641 0.09903846153846155
0 0.1774038461538462 0.9644230769230769 0.08301282051282051 0.07019230769230769
0 0.8272435897435897 0.4668269230769231 0.05128205128205128 0.0826923076923077
0 0.7485576923076923 0.03173076923076923 0.06634615384615385 0.06153846153846154
0 0.978525641025641 0.4574519230769231 0.04358974358974359 0.08798076923076924
0 0.922275641025641 0.5423076923076924 0.05480769230769231 0.06826923076923078
0 0.7828525641025641 0.3161057692307693 0.061217948717948716 0.09086538461538463
0 0.667948717948718 0.8418269230769231 0.05128205128205128 0.07788461538461539
0 0.6948717948717948 0.8723557692307693 0.05961538461538462 0.0764423076923077
0 0.21298076923076925 0.6536057692307693 0.07596153846153846 0.1139423076923077
