0 0.59375 0.5074519230769231 0.06891025641025642 0.09278846153846154
0 0.7998397435897435 0.9543269230769231 0.08621794871794872 0.08942307692307692
0 0.7703525641025641 0.8668269230769231 0.08301282051282051 0.10865384615384616
0 0.6972756410256411 0.9036057692307693 0.08237179487179487 0.09471153846153847
0 0.4355769230769231 0.8838942307692308 0.0673076923076923 0.09375
0 0.8967948717948718 0.17668269230769232 0.07435897435897436 0.11105769230769232
0 0.76875 0.6060096153846154 0.07596153846153846 0.11009615384615386
0 0.6935897435897436 0.6555288461538462 0.08205128205128205 0.11201923076923077
0 0.7205128205128205 0.6699519230769231 0.057692307692307696 0.10721153846153847
0 0.0642628205128205 0.5694711538461539 0.04262820512820513 0.06490384615384616
0 0.08413461538461542 0.5855769230769231 0.041987179487179484 0.05961538461538462
0 0.06490384615384615 0.6997596153846154 0.03365384615384615 0.05432692307692308
0 0.0411858974358974 0.7324519230769231 0.046474358974358976 0.06586538461538462
