0 0.42676282051282055 0.6367788461538462 0.06506410256410257 0.09182692307692308
0 0.4604166666666667 0.6930288461538462 0.06698717948717949 0.08221153846153846
0 0.6974358974358974 0.6269230769230769 0.05064102564102564 0.07115384615384615
0 0.7336538461538462 0.6538461538461539 0.051923076923076926 0.07115384615384615
0 0.636698717948718 0.38485576923076925 0.06891025641025642 0.09663461538461539
0 0.7024038461538462 0.2699519230769231 0.0625 0.09759615384615385
0 0.7261217948717948 0.2949519230769231 0.05480769230769231 0.07932692307692309
0 0.7560897435897436 0.19495192307692308 0.04871794871794872 0.06778846153846155
0 0.7110576923076923 0.1528846153846154 0.05608974358974359 0.08557692307692308
0 0.9392628205128205 0.28629807692307696 0.05929487179487179 0.08605769230769231
0 0.9493589743589743 0.209375 0.05576923076923077 0.0764423076923077
0 0.20048076923076918 0.484375 0.06955128205128205 0.09086538461538463
0 0.23733974358974363 0.4778846153846154 0.06314102564102564 0.09615384615384616
0 0.35785256410256405 0.8290865384615385 0.061217948717948716 0.09375
0 0.4091346153846154 0.8211538461538462 0.06314102564102564 0.08557692307692308
0 0.38541666666666663 0.9372596153846154 0.06057692307692308 0.07451923076923077
0 0.2073717948717949 0.7617788461538462 0.05576923076923077 0.08221153846153846
0 0.17483974358974363 0.8262019230769231 0.061217948717948716 0.08221153846153846
0 0.18862179487179487 0.41875 0.07724358974358975 0.09807692307692309
0 0.9435897435897436 0.7098557692307693 0.04871794871794872 0.0716346153846154
0 0.8392628205128205 0.3680288461538462 0.0516025641025641 0.0764423076923077
0 0.5948717948717949 0.3942307692307693 0.04871794871794872 0.07788461538461539
0 0.2349358974358975 0.7305288461538462 0.052564102564102565 0.0716346153846154
0 0.41185897435897434 0.7105769230769231 0.05641025641025641 0.08846153846153847
