0 0.7860576923076923 0.4173076923076923 0.0625 0.09423076923076923
0 0.4028846153846154 0.5036057692307693 0.07179487179487179 0.09278846153846154
0 0.5572115384615385 0.6555288461538462 0.058012820512820515 0.08701923076923078
0 0.5822115384615385 0.7156250000000001 0.0625 0.08798076923076924
0 0.47435897435897434 0.9473557692307693 0.05705128205128205 0.07548076923076924
0 0.8334935897435898 0.31298076923076923 0.05929487179487179 0.09807692307692309
0 0.7366987179487179 0.42860576923076926 0.05352564102564102 0.07836538461538461
0 0.510576923076923 0.7293269230769232 0.051923076923076926 0.09134615384615385
0 0.44855769230769227 0.8449519230769231 0.06057692307692308 0.10144230769230769
0 0.5017628205128205 0.8348557692307693 0.055448717948717946 0.08028846153846154
0 0.37243589743589745 0.4449519230769231 0.07307692307692308 0.10625000000000001
0 0.32163461538461535 0.4930288461538462 0.05993589743589744 0.07836538461538461
