0 0.10352564102564099 0.6473557692307693 0.07051282051282051 0.1293269230769231
0 0.03557692307692306 0.6418269230769231 0.07051282051282051 0.11346153846153847
0 0.1168269230769231 0.5538461538461539 0.08621794871794872 0.10865384615384616
0 0.06121794871794872 0.49375 0.05576923076923077 0.0826923076923077
0 0.17051282051282046 0.35865384615384616 0.0782051282051282 0.10096153846153846
0 0.044230769230769185 0.18293269230769232 0.0641025641025641 0.0889423076923077
0 0.01538461538461533 0.13485576923076925 0.029487179487179487 0.11105769230769232
0 0.3979166666666667 0.30985576923076924 0.06634615384615385 0.10240384615384616
0 0.32676282051282046 0.3605769230769231 0.052243589743589745 0.08461538461538462
0 0.6485576923076923 0.9379807692307692 0.08942307692307692 0.1201923076923077
0 0.7123397435897436 0.05168269230769231 0.06634615384615385 0.08798076923076924
0 0.6092948717948719 0.1372596153846154 0.05576923076923077 0.07932692307692309
0 0.5817307692307692 0.12980769230769232 0.0532051282051282 0.07307692307692308
