0 0.38541666666666663 0.09807692307692309 0.07019230769230769 0.09230769230769231
0 0.555448717948718 0.3473557692307693 0.04871794871794872 0.07740384615384616
0 0.5011217948717949 0.3293269230769231 0.05608974358974359 0.07596153846153847
0 0.6424679487179488 0.9725961538461539 0.06570512820512821 0.05384615384615385
0 0.5491987179487179 0.8473557692307693 0.052243589743589745 0.09375
0 0.8125 0.565625 0.06474358974358975 0.07355769230769231
0 0.47612179487179485 0.4324519230769231 0.06057692307692308 0.08028846153846154
0 0.5804487179487179 0.4105769230769231 0.058333333333333334 0.0826923076923077
0 0.5298076923076923 0.39855769230769234 0.04807692307692308 0.07692307692307693
0 0.5759615384615384 0.03293269230769231 0.060897435897435896 0.06682692307692308
0 0.514102564102564 0.9663461538461539 0.04807692307692308 0.06634615384615385
