0 0.7410256410256411 0.42235576923076923 0.06217948717948718 0.10528846153846154
0 0.6610576923076923 0.046153846153846156 0.06698717948717949 0.0903846153846154
0 0.8692307692307693 0.7579326923076923 0.05705128205128205 0.07355769230769231
0 0.9174679487179487 0.8105769230769231 0.07788461538461539 0.09903846153846155
0 0.9491987179487179 0.890625 0.06185897435897436 0.10144230769230769
0 0.8842948717948718 0.8992788461538462 0.07435897435897436 0.10913461538461539
0 0.8623397435897435 0.6168269230769231 0.07724358974358975 0.11153846153846154
0 0.6267628205128205 0.03173076923076923 0.06634615384615385 0.06346153846153846
0 0.7697115384615385 0.46923076923076923 0.06057692307692308 0.07403846153846154
0 0.5578525641025641 0.4480769230769231 0.05480769230769231 0.07788461538461539
0 0.5798076923076922 0.24423076923076925 0.058333333333333334 0.08557692307692308
