0 0.2778846153846154 0.23197115384615385 0.0532051282051282 0.07740384615384616
0 0.22612179487179485 0.20985576923076923 0.0516025641025641 0.06778846153846155
0 0.197275641025641 0.3211538461538462 0.05993589743589744 0.08076923076923077
0 0.37916666666666665 0.9341346153846154 0.06538461538461539 0.09326923076923077
0 0.35913461538461533 0.8774038461538463 0.06634615384615385 0.08365384615384616
0 0.2636217948717948 0.7230769230769232 0.058653846153846154 0.07500000000000001
0 0.21602564102564104 0.8629807692307693 0.04871794871794872 0.08750000000000001
0 0.9272435897435898 0.7129807692307693 0.0532051282051282 0.06538461538461539
0 0.5423076923076924 0.44230769230769235 0.06987179487179487 0.07788461538461539
0 0.32932692307692313 0.9137019230769231 0.04326923076923077 0.07932692307692309
0 0.3022435897435898 0.2980769230769231 0.06474358974358975 0.08076923076923077
0 0.24807692307692308 0.2855769230769231 0.0532051282051282 0.07788461538461539
