0 0.4591346153846154 0.3230769230769231 0.06570512820512821 0.1076923076923077
0 0.4836538461538461 0.3699519230769231 0.0673076923076923 0.08028846153846154
0 0.5817307692307692 0.5259615384615385 0.0782051282051282 0.11057692307692309
0 0.5959935897435897 0.68125 0.06185897435897436 0.07980769230769232
0 0.649198717948718 0.7391826923076924 0.0842948717948718 0.09375
0 0.6875 0.8266826923076923 0.06987179487179487 0.10336538461538462
0 0.6136217948717948 0.8293269230769231 0.07852564102564102 0.1201923076923077
0 0.9091346153846154 0.34615384615384615 0.058653846153846154 0.060576923076923084
0 0.2931089743589743 0.13413461538461538 0.06057692307692308 0.08750000000000001
0 0.2586538461538461 0.33437500000000003 0.05576923076923077 0.07740384615384616
