0 0.7580128205128205 0.6762019230769231 0.07051282051282051 0.10528846153846154
0 0.6011217948717948 0.6786057692307693 0.052243589743589745 0.08605769230769231
0 0.5474358974358975 0.9079326923076924 0.058333333333333334 0.08028846153846154
0 0.574198717948718 0.8975961538461539 0.06057692307692308 0.08557692307692308
0 0.5222756410256411 0.9437500000000001 0.05929487179487179 0.08846153846153847
0 0.4423076923076923 0.8098557692307693 0.05576923076923077 0.09086538461538463
0 0.486698717948718 0.7230769230769232 0.06698717948717949 0.10480769230769231
0 0.39230769230769236 0.603125 0.058333333333333334 0.09471153846153847
0 0.19166666666666665 0.325 0.057692307692307696 0.07980769230769232
0 0.1530448717948718 0.309375 0.05929487179487179 0.0889423076923077
0 0.7761217948717949 0.7305288461538462 0.06891025641025642 0.10336538461538462
0 0.725 0.7680288461538461 0.05128205128205128 0.07836538461538461
