0 0.10544871794871791 0.059375000000000004 0.09102564102564102 0.11490384615384616
0 0.1711538461538461 0.15240384615384617 0.07692307692307693 0.11153846153846154
0 0.07660256410256405 0.48365384615384616 0.07692307692307693 0.0951923076923077
0 0.3979166666666667 0.42235576923076923 0.08237179487179487 0.10721153846153847
0 0.3979166666666667 0.5367788461538462 0.08365384615384615 0.11490384615384616
0 0.47291666666666665 0.5211538461538462 0.07596153846153846 0.10673076923076924
0 0.21298076923076925 0.3055288461538462 0.07724358974358975 0.10625000000000001
0 0.13301282051282048 0.225 0.07371794871794872 0.08653846153846154
0 0.19487179487179485 0.20673076923076925 0.0641025641025641 0.08557692307692308
0 0.25048076923076923 0.046153846153846156 0.06506410256410257 0.07596153846153847
