0 0.17852564102564106 0.15048076923076925 0.05448717948717949 0.08461538461538462
0 0.12291666666666667 0.16802884615384617 0.058653846153846154 0.09663461538461539
0 0.16554487179487176 0.21875 0.06570512820512821 0.08076923076923077
0 0.253525641025641 0.2918269230769231 0.046794871794871795 0.08076923076923077
0 0.2203525641025641 0.3942307692307693 0.061217948717948716 0.08557692307692308
0 0.25416666666666665 0.45480769230769236 0.07115384615384615 0.09230769230769231
0 0.2399038461538462 0.7605769230769232 0.06634615384615385 0.09326923076923077
0 0.5179487179487179 0.8197115384615385 0.06474358974358975 0.11057692307692309
0 0.4685897435897436 0.8399038461538462 0.05641025641025641 0.1028846153846154
0 0.40240384615384617 0.828125 0.05608974358974359 0.0889423076923077
0 0.21923076923076923 0.8134615384615385 0.05512820512820513 0.08942307692307692
0 0.20929487179487183 0.30360576923076926 0.04807692307692308 0.06971153846153846
0 0.2254807692307692 0.6781250000000001 0.05929487179487179 0.08990384615384615
