0 0.8048076923076923 0.7879807692307693 0.0782051282051282 0.08653846153846154
0 0.7572115384615384 0.7574519230769231 0.07724358974358975 0.11298076923076923
0 0.884775641025641 0.8500000000000001 0.08621794871794872 0.12692307692307692
0 0.6429487179487179 0.359375 0.08717948717948718 0.10432692307692308
0 0.5086538461538461 0.2512019230769231 0.06474358974358975 0.08605769230769231
0 0.5536858974358974 0.23798076923076925 0.05416666666666667 0.10096153846153846
0 0.47419871794871793 0.05504807692307693 0.06634615384615385 0.09182692307692308
0 0.4254807692307693 0.10673076923076924 0.055448717948717946 0.07788461538461539
0 0.3599358974358975 0.3230769230769231 0.05448717948717949 0.07403846153846154
0 0.07548076923076918 0.184375 0.06506410256410257 0.11201923076923077
0 0.142948717948718 0.18485576923076924 0.07115384615384615 0.10432692307692308
0 0.12355769230769231 0.08990384615384615 0.06634615384615385 0.09711538461538462
