0 0.7661858974358975 0.8793269230769232 0.07532051282051282 0.0903846153846154
0 0.7274038461538461 0.8480769230769232 0.0842948717948718 0.10865384615384616
0 0.8466346153846154 0.9375 0.08237179487179487 0.11538461538461539
0 0.6160256410256411 0.46490384615384617 0.07179487179487179 0.0951923076923077
0 0.44791666666666663 0.15985576923076925 0.06698717948717949 0.09278846153846154
0 0.4766025641025641 0.35360576923076925 0.05576923076923077 0.08605769230769231
0 0.5216346153846154 0.3418269230769231 0.058653846153846154 0.08846153846153847
0 0.3961538461538462 0.203125 0.05576923076923077 0.06586538461538462
0 0.09423076923076923 0.1704326923076923 0.07756410256410257 0.1216346153846154
0 0.05304487179487183 0.27043269230769235 0.07724358974358975 0.11586538461538462
