0 0.1298076923076923 0.17427884615384617 0.10512820512820513 0.15432692307692308
0 0.17051282051282046 0.259375 0.10448717948717949 0.14471153846153847
0 0.05112179487179491 0.084375 0.09326923076923077 0.1466346153846154
0 0.2979166666666667 0.7430288461538462 0.07596153846153846 0.10144230769230769
0 0.027884615384615397 0.565625 0.05448717948717949 0.0889423076923077
0 0.3241987179487179 0.4519230769230769 0.08365384615384615 0.1201923076923077
0 0.5129807692307693 0.53125 0.08493589743589744 0.12884615384615386
0 0.5703525641025642 0.551923076923077 0.08173076923076923 0.1201923076923077
0 0.49054487179487183 0.6492788461538462 0.07596153846153846 0.10432692307692308
0 0.4605769230769231 0.7048076923076924 0.07692307692307693 0.1
0 0.30801282051282053 0.86875 0.06602564102564103 0.08653846153846154
0 0.2418269230769231 0.0872596153846154 0.07724358974358975 0.11298076923076923
0 0.9411858974358974 0.1125 0.07660256410256411 0.11153846153846154
0 0.9724358974358974 0.4987980769230769 0.05448717948717949 0.11009615384615386
0 0.8129807692307692 0.9043269230769231 0.07916666666666666 0.09615384615384616
0 0.96875 0.8211538461538462 0.06314102564102564 0.1076923076923077
0 0.024839743589743613 0.8944711538461539 0.04903846153846154 0.11490384615384616
