0 0.7567307692307692 0.5425480769230769 0.05641025641025641 0.0764423076923077
0 0.7310897435897437 0.608173076923077 0.052564102564102565 0.060576923076923084
0 0.7060897435897435 0.7685096153846154 0.052564102564102565 0.06875
0 0.9536858974358975 0.5072115384615384 0.041987179487179484 0.0625
0 0.8403846153846154 0.1860576923076923 0.046794871794871795 0.06730769230769232
0 0.7285256410256411 0.035576923076923075 0.052564102564102565 0.07211538461538462
0 0.7679487179487179 0.6786057692307693 0.05 0.06682692307692308
0 0.9110576923076923 0.6675480769230769 0.05480769230769231 0.07932692307692309
0 0.9391025641025641 0.7418269230769231 0.05064102564102564 0.07019230769230769
0 0.7666666666666666 0.7762019230769232 0.052564102564102565 0.06875
0 0.8028846153846154 0.5281250000000001 0.04807692307692308 0.06971153846153846
0 0.7011217948717949 0.9024038461538462 0.047115384615384615 0.06538461538461539
0 0.9741987179487179 0.44038461538461543 0.038141025641025644 0.060576923076923084
0 0.9855769230769231 0.3375 0.02564102564102564 0.058653846153846154
0 0.8153846153846154 0.5918269230769231 0.04038461538461539 0.06153846153846154
0 0.6411858974358975 0.93125 0.041346153846153845 0.06538461538461539
0 0.6828525641025641 0.9324519230769232 0.04326923076923077 0.0639423076923077
0 0.7948717948717949 0.7086538461538462 0.051923076923076926 0.06346153846153846
