0 0.9692307692307692 0.6372596153846154 0.06153846153846154 0.09951923076923078
0 0.6592948717948718 0.6230769230769231 0.052564102564102565 0.07211538461538462
0 0.7216346153846154 0.5317307692307692 0.049679487179487176 0.06730769230769232
0 0.7142628205128205 0.3980769230769231 0.05416666666666667 0.07788461538461539
0 0.867948717948718 0.5262019230769232 0.0532051282051282 0.07836538461538461
0 0.641025641025641 0.878125 0.047435897435897434 0.06778846153846155
0 0.6599358974358974 0.9331730769230769 0.046794871794871795 0.07500000000000001
0 0.686698717948718 0.4668269230769231 0.052243589743589745 0.07307692307692308
0 0.653525641025641 0.7543269230769232 0.04807692307692308 0.0625
0 0.7985576923076922 0.03870192307692308 0.047115384615384615 0.0716346153846154
