0 0.9211538461538462 0.16298076923076923 0.05576923076923077 0.07980769230769232
0 0.42660256410256414 0.4985576923076923 0.03461538461538462 0.057692307692307696
0 0.299198717948718 0.45 0.03493589743589744 0.04807692307692308
0 0.3961538461538462 0.48052884615384617 0.0391025641025641 0.05336538461538462
0 0.3604166666666667 0.7161057692307693 0.03878205128205128 0.06490384615384616
0 0.2485576923076923 0.7591346153846155 0.041346153846153845 0.058653846153846154
0 0.19679487179487176 0.8067307692307693 0.04358974358974359 0.057692307692307696
0 0.12483974358974359 0.8817307692307693 0.03942307692307692 0.049038461538461545
0 0.10929487179487185 0.9730769230769232 0.03653846153846154 0.051923076923076926
0 0.1479166666666667 0.9750000000000001 0.030448717948717948 0.049038461538461545
0 0.23605769230769236 0.6848557692307693 0.040705128205128206 0.058173076923076925
0 0.1036858974358974 0.6317307692307693 0.035576923076923075 0.06153846153846154
0 0.06874999999999998 0.65 0.03685897435897436 0.060576923076923084
0 0.04182692307692304 0.6598557692307693 0.03685897435897436 0.05625
0 0.03108974358974359 0.9593750000000001 0.03461538461538462 0.052403846153846155
0 0.3879807692307692 0.5129807692307693 0.040705128205128206 0.0451923076923077
0 0.09999999999999998 0.18173076923076925 0.04038461538461539 0.05288461538461539
0 0.06874999999999998 0.21490384615384617 0.038141025641025644 0.060576923076923084
0 0.11105769230769236 0.23221153846153847 0.02980769230769231 0.04807692307692308
0 0.29663461538461533 0.17355769230769233 0.041987179487179484 0.05288461538461539
