0 0.7791666666666667 0.26009615384615387 0.052564102564102565 0.07692307692307693
0 0.7091346153846154 0.6605769230769231 0.041987179487179484 0.05961538461538462
0 0.6892628205128205 0.7528846153846154 0.04391025641025641 0.060576923076923084
0 0.4341346153846154 0.8536057692307693 0.0375 0.06298076923076923
0 0.49054487179487183 0.6711538461538462 0.040705128205128206 0.06538461538461539
0 0.47612179487179485 0.628125 0.041346153846153845 0.05913461538461539
0 0.5892628205128205 0.8367788461538462 0.04455128205128205 0.06682692307692308
0 0.609775641025641 0.7497596153846154 0.03493589743589744 0.05432692307692308
0 0.9011217948717949 0.911298076923077 0.04391025641025641 0.06682692307692308
0 0.8125 0.8704326923076924 0.038461538461538464 0.05336538461538462
0 0.7754807692307693 0.9867788461538463 0.04326923076923077 0.02548076923076923
0 0.8261217948717949 0.43918269230769236 0.041987179487179484 0.06490384615384616
0 0.059775641025641035 0.05985576923076923 0.049679487179487176 0.0639423076923077
0 0.9418269230769231 0.7012019230769231 0.040705128205128206 0.05913461538461539
0 0.8709935897435898 0.036778846153846155 0.04455128205128205 0.0639423076923077
0 0.8373397435897436 0.14735576923076923 0.033012820512820513 0.05432692307692308
0 0.859775641025641 0.17596153846153847 0.03173076923076923 0.05
0 0.8810897435897436 0.20360576923076923 0.04358974358974359 0.0639423076923077
0 0.7366987179487179 0.905048076923077 0.03685897435897436 0.06105769230769231
0 0.628525641025641 0.8492788461538462 0.03782051282051282 0.05432692307692308
0 0.6429487179487179 0.8298076923076924 0.03974358974358974 0.05961538461538462
0 0.4668269230769231 0.858173076923077 0.03942307692307692 0.057692307692307696
0 0.8592948717948719 0.08245192307692308 0.03974358974358974 0.05432692307692308
0 0.8485576923076923 0.7735576923076923 0.038141025641025644 0.060576923076923084
