0 0.28541666666666665 0.9324519230769232 0.05096153846153846 0.06971153846153846
0 0.10480769230769227 0.9319711538461539 0.04230769230769231 0.06682692307692308
0 0.44471153846153844 0.6367788461538462 0.04455128205128205 0.06875
0 0.40560897435897436 0.6536057692307693 0.041346153846153845 0.058173076923076925
0 0.6403846153846153 0.6305288461538462 0.05512820512820513 0.06586538461538462
0 0.5530448717948717 0.7524038461538461 0.04391025641025641 0.06538461538461539
0 0.4931089743589744 0.8024038461538462 0.04583333333333333 0.06346153846153846
0 0.44358974358974357 0.9762019230769231 0.046153846153846156 0.04567307692307693
0 0.02035256410256414 0.665625 0.04006410256410257 0.06490384615384616
0 0.014262820512820462 0.7673076923076924 0.027884615384615386 0.07115384615384615
0 0.1511217948717949 0.22043269230769233 0.061217948717948716 0.09086538461538463
0 0.18621794871794872 0.8276442307692308 0.03974358974358974 0.05625
0 0.26041666666666663 0.7016826923076923 0.04391025641025641 0.06875
0 0.024358974358974383 0.5548076923076923 0.04807692307692308 0.07403846153846154
0 0.7692307692307692 0.696875 0.04294871794871795 0.06682692307692308
0 0.4272435897435898 0.8867788461538462 0.04038461538461539 0.052403846153846155
