0 0.948076923076923 0.8661057692307693 0.05 0.07836538461538461
0 0.9237179487179488 0.8588942307692308 0.0391025641025641 0.06875
0 0.8261217948717949 0.8961538461538462 0.04583333333333333 0.06538461538461539
0 0.784775641025641 0.8942307692307693 0.04455128205128205 0.07596153846153847
0 0.9842948717948719 0.875 0.03141025641025641 0.057692307692307696
0 0.9830128205128205 0.9430288461538462 0.03397435897435897 0.04567307692307693
0 0.9092948717948718 0.7668269230769231 0.04294871794871795 0.06923076923076923
0 0.9817307692307692 0.9086538461538463 0.03653846153846154 0.05288461538461539
0 0.9886217948717949 0.7692307692307693 0.022756410256410255 0.06730769230769232
0 0.8584935897435897 0.6367788461538462 0.05032051282051282 0.0764423076923077
