0 0.08349358974358978 0.34375 0.040705128205128206 0.06538461538461539
0 0.1709935897435897 0.48629807692307697 0.052243589743589745 0.07451923076923077
0 0.24038461538461542 0.34687500000000004 0.04807692307692308 0.06875
0 0.12548076923076923 0.45240384615384616 0.04583333333333333 0.0625
0 0.19935897435897432 0.6355769230769232 0.03974358974358974 0.06153846153846154
0 0.33429487179487183 0.3942307692307693 0.04038461538461539 0.058653846153846154
0 0.36105769230769236 0.3949519230769231 0.03108974358974359 0.04855769230769231
0 0.2349358974358975 0.6319711538461539 0.038461538461538464 0.052403846153846155
0 0.361698717948718 0.07740384615384616 0.041346153846153845 0.057692307692307696
0 0.3237179487179487 0.08485576923076923 0.0391025641025641 0.05625
0 0.17676282051282055 0.12307692307692308 0.041987179487179484 0.060576923076923084
0 0.49246794871794874 0.07427884615384615 0.04455128205128205 0.0639423076923077
0 0.35096153846153844 0.22427884615384616 0.038461538461538464 0.05432692307692308
0 0.40352564102564104 0.1810096153846154 0.03782051282051282 0.05625
