0 0.6474358974358974 0.35168269230769234 0.046153846153846156 0.06682692307692308
0 0.7459935897435898 0.3449519230769231 0.03878205128205128 0.05336538461538462
0 0.7198717948717949 0.17115384615384616 0.03717948717948718 0.057692307692307696
0 0.7274038461538461 0.536298076923077 0.04391025641025641 0.0639423076923077
0 0.774198717948718 0.3425480769230769 0.04391025641025641 0.06298076923076923
0 0.8041666666666667 0.3699519230769231 0.046153846153846156 0.0639423076923077
0 0.7923076923076923 0.4324519230769231 0.03461538461538462 0.05048076923076923
0 0.9024038461538462 0.35985576923076923 0.03621794871794872 0.052403846153846155
0 0.8524038461538461 0.5165865384615385 0.04006410256410257 0.05432692307692308
0 0.9822115384615384 0.6581730769230769 0.035576923076923075 0.04807692307692308
