0 0.2730769230769231 0.47692307692307695 0.0532051282051282 0.0826923076923077
0 0.3416666666666667 0.4879807692307693 0.04807692307692308 0.07115384615384615
0 0.5653846153846154 0.6086538461538462 0.05128205128205128 0.07307692307692308
0 0.5772435897435897 0.6949519230769231 0.04807692307692308 0.0716346153846154
0 0.49727564102564104 0.911298076923077 0.05096153846153846 0.07355769230769231
0 0.28237179487179487 0.3769230769230769 0.05705128205128205 0.08557692307692308
0 0.5916666666666667 0.9656250000000001 0.05576923076923077 0.06778846153846155
0 0.6653846153846155 0.6430288461538461 0.051923076923076926 0.06778846153846155
0 0.3979166666666667 0.5149038461538462 0.0516025641025641 0.07788461538461539
0 0.8349358974358975 0.14182692307692307 0.052564102564102565 0.07500000000000001
0 0.4897435897435898 0.43485576923076924 0.05064102564102564 0.08221153846153846
