0 0.23926282051282055 0.5336538461538461 0.06506410256410257 0.1028846153846154
0 0.2322115384615384 0.42115384615384616 0.06378205128205128 0.10961538461538461
0 0.32355769230769227 0.565625 0.05737179487179487 0.0889423076923077
0 0.5674679487179487 0.7543269230769232 0.06185897435897436 0.08653846153846154
0 0.5642628205128205 0.8617788461538463 0.05993589743589744 0.08413461538461539
0 0.684775641025641 0.8117788461538462 0.06442307692307692 0.08413461538461539
0 0.36233974358974363 0.6125 0.06698717948717949 0.0951923076923077
0 0.08493589743589747 0.49110576923076926 0.051923076923076926 0.07932692307692309
0 0.28365384615384615 0.5610576923076923 0.03974358974358974 0.06826923076923078
0 0.43669871794871795 0.4528846153846154 0.05929487179487179 0.08365384615384616
0 0.45977564102564106 0.5442307692307693 0.06314102564102564 0.09326923076923077
