0 0.24102564102564106 0.5137019230769231 0.07692307692307693 0.10240384615384616
0 0.28733974358974357 0.5774038461538462 0.07211538461538461 0.10480769230769231
0 0.2056089743589744 0.6492788461538462 0.04519230769230769 0.06490384615384616
0 0.02660256410256412 0.55625 0.052564102564102565 0.07211538461538462
0 0.7411858974358974 0.49230769230769234 0.05416666666666667 0.0826923076923077
0 0.8105769230769231 0.5137019230769231 0.04807692307692308 0.06971153846153846
0 0.7498397435897436 0.3961538461538462 0.05352564102564102 0.08846153846153847
0 0.9509615384615384 0.9418269230769232 0.04807692307692308 0.07307692307692308
0 0.8584935897435897 0.696875 0.038141025641025644 0.06490384615384616
0 0.8804487179487179 0.8887019230769231 0.04038461538461539 0.052403846153846155
0 0.8616987179487179 0.5449519230769231 0.04455128205128205 0.0764423076923077
0 0.08301282051282055 0.5882211538461539 0.05064102564102564 0.07067307692307692
