0 0.5386217948717948 0.10985576923076924 0.05673076923076923 0.08028846153846154
0 0.059935897435897445 0.18677884615384616 0.04871794871794872 0.08413461538461539
0 0.5306089743589744 0.7824519230769231 0.06378205128205128 0.09086538461538463
0 0.5153846153846153 0.9548076923076924 0.06217948717948718 0.08653846153846154
0 0.4886217948717949 0.8055288461538462 0.05608974358974359 0.09278846153846154
0 0.43685897435897436 0.8656250000000001 0.05641025641025641 0.08701923076923078
0 0.5679487179487179 0.8086538461538462 0.07051282051282051 0.09615384615384616
0 0.7604166666666666 0.6317307692307693 0.05737179487179487 0.0826923076923077
0 0.8705128205128205 0.478125 0.05641025641025641 0.07836538461538461
0 0.6310897435897436 0.5024038461538461 0.04871794871794872 0.07403846153846154
0 0.7636217948717949 0.9757211538461539 0.061217948717948716 0.04759615384615385
0 0.6267628205128205 0.034375 0.06378205128205128 0.06875
0 0.7647435897435897 0.7699519230769232 0.04807692307692308 0.06875
0 0.6993589743589743 0.6524038461538462 0.046153846153846156 0.06538461538461539
