0 0.3703525641025641 0.48918269230769235 0.06185897435897436 0.08605769230769231
0 0.24054487179487183 0.5180288461538461 0.05929487179487179 0.09182692307692308
0 0.8317307692307692 0.8168269230769232 0.07435897435897436 0.11153846153846154
0 0.811698717948718 0.5766826923076923 0.061217948717948716 0.09086538461538463
0 0.6504807692307693 0.3548076923076923 0.05993589743589744 0.08557692307692308
0 0.6810897435897436 0.375 0.057692307692307696 0.08365384615384616
0 0.5623397435897436 0.6567307692307692 0.06762820512820512 0.09903846153846155
0 0.4362179487179487 0.6574519230769231 0.06217948717948718 0.07836538461538461
0 0.05801282051282053 0.2485576923076923 0.04935897435897436 0.07403846153846154
0 0.8024038461538462 0.8879807692307693 0.06762820512820512 0.10096153846153846
0 0.9017628205128205 0.8668269230769231 0.05416666666666667 0.07307692307692308
0 0.854326923076923 0.8793269230769232 0.049679487179487176 0.06730769230769232
0 0.475 0.08365384615384616 0.05448717948717949 0.07211538461538462
0 0.510576923076923 0.08365384615384616 0.05448717948717949 0.07980769230769232
0 0.899198717948718 0.664423076923077 0.06057692307692308 0.07307692307692308
0 0.9179487179487179 0.7173076923076923 0.05512820512820513 0.06923076923076923
