0 0.5668269230769231 0.8235576923076924 0.03685897435897436 0.05961538461538462
0 0.5341346153846154 0.8197115384615385 0.041987179487179484 0.0625
0 0.5030448717948718 0.9286057692307693 0.040705128205128206 0.06586538461538462
0 0.784775641025641 0.6156250000000001 0.06891025641025642 0.10721153846153847
0 0.7697115384615385 0.8401442307692308 0.04519230769230769 0.06875
0 0.9375 0.5930288461538462 0.07628205128205129 0.11682692307692308
0 0.88125 0.6223557692307693 0.058653846153846154 0.10048076923076923
0 0.9099358974358974 0.18221153846153848 0.04551282051282051 0.06442307692307693
0 0.6834935897435898 0.4168269230769231 0.0342948717948718 0.046153846153846156
0 0.6024038461538461 0.5536057692307692 0.029166666666666667 0.03990384615384616
0 0.7310897435897437 0.8168269230769232 0.047435897435897434 0.06153846153846154
