0 0.7754807692307693 0.37235576923076924 0.061217948717948716 0.08028846153846154
0 0.6842948717948718 0.4086538461538462 0.06217948717948718 0.0826923076923077
0 0.7642628205128206 0.5223557692307692 0.058012820512820515 0.07548076923076924
0 0.8642628205128206 0.5040865384615385 0.058653846153846154 0.08317307692307693
0 0.828525641025641 0.24302884615384618 0.05512820512820513 0.06971153846153846
0 0.25224358974358974 0.27067307692307696 0.046153846153846156 0.06730769230769232
0 0.029166666666666674 0.44735576923076925 0.057692307692307696 0.11105769230769232
0 0.14599358974358978 0.1266826923076923 0.04519230769230769 0.06682692307692308
0 0.19551282051282048 0.17548076923076925 0.05064102564102564 0.07307692307692308
0 0.9267628205128206 0.4105769230769231 0.055448717948717946 0.08461538461538462
0 0.6153846153846154 0.8461538461538463 0.046794871794871795 0.07115384615384615
0 0.6942307692307692 0.9620192307692308 0.052564102564102565 0.07500000000000001
0 0.8134615384615385 0.833173076923077 0.05128205128205128 0.06730769230769232
0 0.080448717948718 0.14807692307692308 0.05576923076923077 0.07500000000000001
0 0.6641025641025642 0.939423076923077 0.04487179487179487 0.07307692307692308
