0 0.4403846153846154 0.6024038461538462 0.05 0.06923076923076923
0 0.5 0.5735576923076924 0.047435897435897434 0.07211538461538462
0 0.47612179487179485 0.4586538461538462 0.052243589743589745 0.07403846153846154
0 0.430448717948718 0.5009615384615385 0.051923076923076926 0.07500000000000001
0 0.6985576923076924 0.5966346153846154 0.04519230769230769 0.06826923076923078
0 0.6623397435897436 0.6055288461538462 0.04391025641025641 0.0639423076923077
0 0.5804487179487179 0.6887019230769231 0.046153846153846156 0.0639423076923077
0 0.25929487179487176 0.9442307692307693 0.04294871794871795 0.0625
0 0.39054487179487185 0.8867788461538462 0.04006410256410257 0.057211538461538466
0 0.28349358974358974 0.028605769230769233 0.06314102564102564 0.058173076923076925
0 0.26682692307692313 0.043028846153846154 0.06314102564102564 0.08605769230769231
0 0.39358974358974363 0.020673076923076926 0.06666666666666667 0.04134615384615385
