0 0.05160256410256414 0.37980769230769235 0.051923076923076926 0.07307692307692308
0 0.20480769230769236 0.2355769230769231 0.04871794871794872 0.07019230769230769
0 0.3980769230769231 0.4605769230769231 0.041025641025641026 0.060576923076923084
0 0.3604166666666667 0.6843750000000001 0.041346153846153845 0.05625
0 0.5048076923076923 0.7055288461538461 0.04935897435897436 0.06105769230769231
0 0.4459935897435897 0.7824519230769231 0.04583333333333333 0.06682692307692308
0 0.42500000000000004 0.7824519230769231 0.03974358974358974 0.06490384615384616
0 0.41682692307692304 0.4168269230769231 0.03621794871794872 0.05673076923076924
0 0.4403846153846154 0.14302884615384617 0.047435897435897434 0.06778846153846155
0 0.6641025641025642 0.08990384615384615 0.046153846153846156 0.06730769230769232
0 0.8216346153846154 0.9 0.05032051282051282 0.07019230769230769
0 0.5697115384615384 0.7935096153846154 0.03685897435897436 0.05625
0 0.34294871794871795 0.6961538461538462 0.03012820512820513 0.05480769230769231
0 0.4459935897435897 0.5949519230769231 0.04583333333333333 0.057211538461538466
0 0.04663461538461533 0.2899038461538462 0.0516025641025641 0.06730769230769232
0 0.4028846153846154 0.1435096153846154 0.04935897435897436 0.07548076923076924
0 0.2435897435897436 0.07067307692307692 0.058333333333333334 0.08557692307692308
0 0.3272435897435897 0.07235576923076924 0.05512820512820513 0.05913461538461539
0 0.8024038461538462 0.7360576923076924 0.05993589743589744 0.08365384615384616
0 0.8573717948717949 0.9350961538461539 0.047435897435897434 0.07307692307692308
0 0.9205128205128206 0.6716346153846154 0.04935897435897436 0.07500000000000001
