0 0.7334935897435897 0.5040865384615385 0.052243589743589745 0.08125
0 0.761698717948718 0.29302884615384617 0.06378205128205128 0.09182692307692308
0 0.9767628205128205 0.07043269230769231 0.046474358974358976 0.10528846153846154
0 0.8586538461538462 0.23317307692307693 0.05128205128205128 0.08750000000000001
0 0.7705128205128206 0.5449519230769231 0.05448717948717949 0.07836538461538461
0 0.9322115384615385 0.8918269230769231 0.06314102564102564 0.09807692307692309
0 0.2435897435897436 0.36923076923076925 0.05897435897435897 0.08653846153846154
0 0.08605769230769234 0.2605769230769231 0.04775641025641025 0.06826923076923078
0 0.2286858974358974 0.13798076923076924 0.05480769230769231 0.07403846153846154
0 0.3091346153846154 0.27740384615384617 0.05929487179487179 0.07980769230769232
0 0.8705128205128205 0.9413461538461539 0.046794871794871795 0.07692307692307693
0 0.7717948717948718 0.7586538461538462 0.04358974358974359 0.07019230769230769
0 0.8459935897435897 0.8473557692307693 0.046474358974358976 0.0716346153846154
0 0.20929487179487183 0.36947115384615387 0.04294871794871795 0.08125
