0 0.5155448717948719 0.3492788461538462 0.06314102564102564 0.07836538461538461
0 0.49599358974358976 0.6637019230769231 0.0483974358974359 0.07259615384615385
0 0.5592948717948718 0.6836538461538462 0.06025641025641026 0.07884615384615384
0 0.4179487179487179 0.8661057692307693 0.05705128205128205 0.08221153846153846
0 0.1873397435897436 0.9317307692307693 0.05096153846153846 0.07692307692307693
0 0.07179487179487176 0.9274038461538462 0.05961538461538462 0.08365384615384616
0 0.6778846153846154 0.46490384615384617 0.07115384615384615 0.10480769230769231
0 0.48301282051282046 0.553125 0.05641025641025641 0.07355769230769231
0 0.7136217948717949 0.7512019230769231 0.06185897435897436 0.09855769230769232
0 0.7735576923076923 0.7543269230769232 0.061217948717948716 0.08461538461538462
0 0.7342948717948719 0.5930288461538462 0.06282051282051282 0.08798076923076924
0 0.461698717948718 0.6805288461538462 0.058012820512820515 0.08605769230769231
0 0.15352564102564104 0.9548076923076924 0.05064102564102564 0.07884615384615384
