0 0.34310897435897436 0.40673076923076923 0.04262820512820513 0.06730769230769232
0 0.6737179487179488 0.578125 0.05961538461538462 0.08605769230769231
0 0.6291666666666667 0.5685096153846154 0.05064102564102564 0.08701923076923078
0 0.7280448717948718 0.4711538461538462 0.06570512820512821 0.08461538461538462
0 0.6423076923076922 0.3211538461538462 0.05641025641025641 0.06923076923076923
0 0.6155448717948717 0.15048076923076925 0.052243589743589745 0.07596153846153847
0 0.3123397435897436 0.41610576923076925 0.03493589743589744 0.06490384615384616
0 0.1743589743589744 0.5692307692307692 0.03141025641025641 0.05288461538461539
0 0.23301282051282046 0.037980769230769235 0.06346153846153846 0.07692307692307693
0 0.5197115384615385 0.5512019230769231 0.046474358974358976 0.06201923076923077
0 0.45977564102564106 0.4242788461538462 0.041987179487179484 0.06682692307692308
0 0.4179487179487179 0.434375 0.04487179487179487 0.06778846153846155
0 0.15737179487179487 0.5855769230769231 0.03141025641025641 0.049038461538461545
