0 0.7634615384615384 0.48173076923076924 0.05897435897435897 0.08653846153846154
0 0.7022435897435897 0.6742788461538461 0.0532051282051282 0.08221153846153846
0 0.9129807692307692 0.7622596153846154 0.05096153846153846 0.07259615384615385
0 0.811698717948718 0.9254807692307693 0.06378205128205128 0.09230769230769231
0 0.7504807692307692 0.9259615384615385 0.06057692307692308 0.08942307692307692
0 0.7674679487179488 0.8230769230769232 0.05993589743589744 0.0903846153846154
0 0.8754807692307692 0.6930288461538462 0.04903846153846154 0.07355769230769231
0 0.8110576923076923 0.7110576923076923 0.055448717948717946 0.07692307692307693
0 0.5022435897435897 0.6512019230769232 0.046794871794871795 0.0716346153846154
0 0.04230769230769227 0.8211538461538462 0.05384615384615385 0.0826923076923077
0 0.02163461538461542 0.9725961538461539 0.04262820512820513 0.05384615384615385
0 0.6235576923076923 0.28052884615384616 0.08044871794871795 0.11778846153846155
0 0.7173076923076923 0.11177884615384616 0.07628205128205129 0.10336538461538462
0 0.3467948717948718 0.10985576923076924 0.07692307692307693 0.11971153846153847
0 0.37099358974358976 0.17932692307692308 0.06762820512820512 0.1076923076923077
0 0.7366987179487179 0.42379807692307697 0.058653846153846154 0.07355769230769231
0 0.9698717948717949 0.51875 0.058333333333333334 0.08173076923076923
0 0.4328525641025641 0.14879807692307692 0.06185897435897436 0.10048076923076923
