0 0.6205128205128205 0.8478365384615385 0.057692307692307696 0.09375
0 0.5573717948717949 0.6555288461538462 0.057692307692307696 0.08798076923076924
0 0.5405448717948718 0.9375 0.061217948717948716 0.08653846153846154
0 0.6379807692307693 0.9617788461538462 0.06057692307692308 0.07451923076923077
0 0.5884615384615385 0.9605769230769231 0.04935897435897436 0.06346153846153846
0 0.6868589743589744 0.9375 0.05128205128205128 0.06730769230769232
0 0.6785256410256411 0.4711538461538462 0.051923076923076926 0.07307692307692308
0 0.8791666666666667 0.17115384615384616 0.05 0.08846153846153847
0 0.7043269230769231 0.04182692307692308 0.06955128205128205 0.08461538461538462
0 0.780448717948718 0.5199519230769231 0.04423076923076923 0.0639423076923077
0 0.6261217948717949 0.9165865384615385 0.05480769230769231 0.05432692307692308
0 0.64375 0.65 0.0516025641025641 0.07980769230769232
0 0.5735576923076924 0.7817307692307692 0.0516025641025641 0.06826923076923078
0 0.6086538461538462 0.6762019230769231 0.04423076923076923 0.0639423076923077
0 0.7323717948717949 0.10432692307692308 0.05448717948717949 0.07980769230769232
0 0.47115384615384615 0.5480769230769231 0.0 0.0009615384615384616
