0 0.07660256410256405 0.8223557692307693 0.04871794871794872 0.08028846153846154
0 0.02099358974358978 0.8961538461538462 0.041346153846153845 0.07403846153846154
0 0.08621794871794874 0.9211538461538462 0.046794871794871795 0.07403846153846154
0 0.12355769230769231 0.8961538461538462 0.040705128205128206 0.06826923076923078
0 0.08349358974358978 0.20793269230769232 0.05096153846153846 0.06586538461538462
0 0.09182692307692308 0.29927884615384615 0.0483974358974359 0.06490384615384616
0 0.022916666666666696 0.15793269230769233 0.040705128205128206 0.06105769230769231
0 0.9216346153846153 0.24230769230769234 0.041987179487179484 0.057692307692307696
0 0.04743589743589749 0.9168269230769232 0.038461538461538464 0.05673076923076924
0 0.4536858974358975 0.21177884615384618 0.0342948717948718 0.05432692307692308
0 0.253525641025641 0.6286057692307693 0.0 0.0014423076923076924
0 0.028044871794871806 0.8492788461538462 0.03942307692307692 0.04182692307692308
