0 0.39038461538461533 0.5492788461538461 0.05448717948717949 0.07932692307692309
0 0.34423076923076923 0.6391826923076923 0.058333333333333334 0.0889423076923077
0 0.4535256410256411 0.7000000000000001 0.0391025641025641 0.05961538461538462
0 0.7823717948717949 0.1887019230769231 0.04423076923076923 0.07067307692307692
0 0.635576923076923 0.03870192307692308 0.05128205128205128 0.07355769230769231
0 0.7830128205128205 0.05168269230769231 0.046153846153846156 0.07259615384615385
0 0.6810897435897436 0.19567307692307692 0.04487179487179487 0.07692307692307693
0 0.6448717948717948 0.20192307692307693 0.04551282051282051 0.07692307692307693
0 0.5455128205128206 0.2824519230769231 0.04487179487179487 0.06105769230769231
0 0.5216346153846154 0.2793269230769231 0.03942307692307692 0.06730769230769232
0 0.44310897435897434 0.6536057692307693 0.03878205128205128 0.052403846153846155
0 0.8110576923076923 0.9262019230769232 0.04391025641025641 0.06298076923076923
0 0.7697115384615385 0.7949519230769231 0.05352564102564102 0.06971153846153846
0 0.7516025641025641 0.03485576923076923 0.04294871794871795 0.07067307692307692
0 0.330448717948718 0.5512019230769231 0.04807692307692308 0.06778846153846155
0 0.3524038461538461 0.42500000000000004 0.05737179487179487 0.06730769230769232
