0 0.25048076923076923 0.5555288461538462 0.041987179487179484 0.06490384615384616
0 0.236698717948718 0.4168269230769231 0.04519230769230769 0.06730769230769232
0 0.4179487179487179 0.11490384615384616 0.05705128205128205 0.07500000000000001
0 0.41682692307692304 0.3168269230769231 0.0375 0.05673076923076924
0 0.24807692307692308 0.20625000000000002 0.04487179487179487 0.07211538461538462
0 0.28557692307692306 0.5055288461538462 0.03974358974358974 0.05432692307692308
0 0.049839743589743635 0.48750000000000004 0.04775641025641025 0.06730769230769232
0 0.018589743589743635 0.6536057692307693 0.03653846153846154 0.06105769230769231
0 0.22612179487179485 0.5293269230769231 0.038141025641025644 0.06153846153846154
0 0.4535256410256411 0.1375 0.04935897435897436 0.06346153846153846
0 0.10112179487179485 0.3425480769230769 0.041346153846153845 0.052403846153846155
