0 0.3886217948717948 0.521875 0.046474358974358976 0.06971153846153846
0 0.3466346153846154 0.603125 0.05352564102564102 0.07836538461538461
0 0.447275641025641 0.6617788461538462 0.035576923076923075 0.05528846153846154
0 0.8136217948717949 0.7129807692307693 0.04455128205128205 0.06730769230769232
0 0.7543269230769231 0.19615384615384618 0.03878205128205128 0.0625
0 0.6166666666666667 0.05985576923076923 0.04871794871794872 0.0716346153846154
0 0.5360576923076923 0.27860576923076924 0.041346153846153845 0.057211538461538466
0 0.5149038461538462 0.27548076923076925 0.035576923076923075 0.057692307692307696
0 0.7780448717948718 0.8786057692307693 0.04262820512820513 0.05432692307692308
0 0.7379807692307692 0.7548076923076924 0.049679487179487176 0.05961538461538462
0 0.7528846153846154 0.0716346153846154 0.04423076923076923 0.07115384615384615
0 0.7248397435897436 0.05048076923076923 0.035576923076923075 0.06730769230769232
0 0.7698717948717949 0.043028846153846154 0.046794871794871795 0.0716346153846154
0 0.6642628205128205 0.2043269230769231 0.04262820512820513 0.06826923076923078
0 0.6299679487179487 0.20865384615384616 0.041987179487179484 0.07692307692307693
0 0.3636217948717949 0.4117788461538462 0.04519230769230769 0.07067307692307692
0 0.3386217948717949 0.5262019230769232 0.04903846153846154 0.07259615384615385
