0 0.9073717948717949 0.10048076923076923 0.03974358974358974 0.06442307692307693
0 0.5424679487179487 0.4168269230769231 0.0483974358974359 0.07115384615384615
0 0.4980769230769231 0.4954326923076923 0.05384615384615385 0.07932692307692309
0 0.5948717948717949 0.5574519230769232 0.03461538461538462 0.05336538461538462
0 0.5136217948717949 0.3055288461538462 0.0483974358974359 0.06586538461538462
0 0.4979166666666667 0.35673076923076924 0.055448717948717946 0.06346153846153846
0 0.49054487179487183 0.4204326923076923 0.04519230769230769 0.06586538461538462
0 0.6886217948717949 0.17500000000000002 0.041987179487179484 0.05480769230769231
0 0.8168269230769231 0.10312500000000001 0.03942307692307692 0.0716346153846154
0 0.78125 0.10697115384615385 0.041346153846153845 0.07067307692307692
0 0.8823717948717948 0.6574519230769231 0.046794871794871795 0.06105769230769231
0 0.9185897435897435 0.7848557692307693 0.04230769230769231 0.06490384615384616
