0 0.3455128205128205 0.371875 0.051923076923076926 0.07740384615384616
0 0.33493589743589747 0.6168269230769231 0.046794871794871795 0.07211538461538462
0 0.07419871794871791 0.6480769230769231 0.04391025641025641 0.06442307692307693
0 0.08493589743589747 0.770673076923077 0.04038461538461539 0.06730769230769232
0 0.1612179487179487 0.55625 0.000641025641025641 0.0009615384615384616
0 0.04791666666666672 0.6298076923076923 0.04006410256410257 0.07019230769230769
0 0.09487179487179487 0.6223557692307693 0.04487179487179487 0.06971153846153846
0 0.5153846153846153 0.9230769230769231 0.05064102564102564 0.07884615384615384
0 0.5849358974358974 0.9473557692307693 0.04935897435897436 0.06971153846153846
0 0.5435897435897437 0.9317307692307693 0.03653846153846154 0.06634615384615385
0 0.5112179487179487 0.8629807692307693 0.05128205128205128 0.06826923076923078
