0 0.4886217948717949 0.2766826923076923 0.05096153846153846 0.0716346153846154
0 0.4360576923076923 0.353125 0.05608974358974359 0.07548076923076924
0 0.5629807692307692 0.415625 0.040705128205128206 0.0514423076923077
0 0.5623397435897436 0.16490384615384615 0.04775641025641025 0.07211538461538462
0 0.7173076923076923 0.037500000000000006 0.03974358974358974 0.05576923076923077
0 0.8248397435897437 0.5375 0.05416666666666667 0.07211538461538462
0 0.8868589743589743 0.5848557692307693 0.05 0.07836538461538461
0 0.903525641025641 0.6629807692307693 0.04487179487179487 0.057692307692307696
0 0.8737179487179487 0.5254807692307693 0.05 0.06346153846153846
0 0.7974358974358975 0.5060096153846154 0.046153846153846156 0.0639423076923077
0 0.7259615384615384 0.2637019230769231 0.046794871794871795 0.06201923076923077
0 0.9798076923076923 0.48750000000000004 0.04038461538461539 0.07211538461538462
