0 0.14871794871794874 0.5473557692307692 0.052564102564102565 0.0764423076923077
0 0.0905448717948718 0.6298076923076923 0.06057692307692308 0.08365384615384616
0 0.5073717948717948 0.7992788461538461 0.05576923076923077 0.07932692307692309
0 0.6786858974358974 0.7387019230769232 0.04583333333333333 0.07355769230769231
0 0.5918269230769231 0.925 0.04006410256410257 0.06538461538461539
0 0.5717948717948718 0.8473557692307693 0.05705128205128205 0.08509615384615385
0 0.5623397435897436 0.7855769230769232 0.0483974358974359 0.07211538461538462
0 0.22804487179487176 0.6860576923076923 0.04391025641025641 0.058653846153846154
0 0.2334935897435897 0.41802884615384617 0.05352564102564102 0.06586538461538462
0 0.6104166666666666 0.19615384615384618 0.0483974358974359 0.06826923076923078
0 0.5873397435897436 0.07427884615384615 0.047115384615384615 0.06682692307692308
0 0.43974358974358974 0.06610576923076923 0.052564102564102565 0.07067307692307692
0 0.5399038461538461 0.2 0.0483974358974359 0.07211538461538462
0 0.4966346153846154 0.20625000000000002 0.04262820512820513 0.07019230769230769
0 0.392948717948718 0.28052884615384616 0.047435897435897434 0.0639423076923077
0 0.48108974358974355 0.7673076923076924 0.046153846153846156 0.07211538461538462
0 0.8556089743589743 0.4444711538461539 0.04519230769230769 0.07067307692307692
0 0.855448717948718 0.03870192307692308 0.04807692307692308 0.07259615384615385
0 0.5692307692307692 0.05552884615384616 0.0391025641025641 0.06490384615384616
0 0.25737179487179485 0.6266826923076924 0.04294871794871795 0.06586538461538462
