0 0.8362179487179487 0.3810096153846154 0.04935897435897436 0.07259615384615385
0 0.4886217948717949 0.20865384615384616 0.04903846153846154 0.07403846153846154
0 0.5360576923076923 0.13798076923076924 0.04391025641025641 0.06634615384615385
0 0.6116987179487179 0.26490384615384616 0.03365384615384615 0.05
0 0.9011217948717949 0.42115384615384616 0.052243589743589745 0.06538461538461539
0 0.9235576923076922 0.49927884615384616 0.03942307692307692 0.06298076923076923
0 0.9016025641025641 0.36875 0.046153846153846156 0.06442307692307693
0 0.967948717948718 0.2276442307692308 0.05128205128205128 0.06875
0 0.7705128205128206 0.12307692307692308 0.038461538461538464 0.05961538461538462
0 0.7322115384615384 0.1391826923076923 0.041346153846153845 0.06298076923076923
0 0.639102564102564 0.15552884615384616 0.04807692307692308 0.07259615384615385
0 0.639102564102564 0.03365384615384616 0.047435897435897434 0.06634615384615385
0 0.5679487179487179 0.13173076923076923 0.04038461538461539 0.05673076923076924
0 0.5097756410256411 0.1887019230769231 0.04326923076923077 0.06298076923076923
