0 0.6511217948717949 0.7000000000000001 0.06698717948717949 0.09423076923076923
0 0.574198717948718 0.7168269230769231 0.06185897435897436 0.0951923076923077
0 0.4823717948717948 0.5891826923076924 0.05 0.07067307692307692
0 0.41858974358974355 0.6867788461538462 0.046794871794871795 0.06971153846153846
0 0.4078525641025641 0.06875 0.06634615384615385 0.09711538461538462
0 0.44358974358974357 0.11298076923076923 0.06666666666666667 0.09615384615384616
0 0.6711538461538462 0.2644230769230769 0.041666666666666664 0.07115384615384615
0 0.6485576923076923 0.2625 0.041346153846153845 0.07596153846153847
0 0.9166666666666666 0.7461538461538462 0.05705128205128205 0.0903846153846154
0 0.9498397435897435 0.7536057692307693 0.046474358974358976 0.08605769230769231
0 0.33926282051282053 0.5793269230769231 0.04775641025641025 0.07596153846153847
0 0.7886217948717948 0.24375000000000002 0.04455128205128205 0.06442307692307693
