0 0.42179487179487185 0.3235576923076923 0.08205128205128205 0.1201923076923077
0 0.4849358974358975 0.5223557692307692 0.07243589743589744 0.11009615384615386
0 0.4293269230769231 0.721875 0.08557692307692308 0.11875000000000001
0 0.36057692307692313 0.7598557692307693 0.07564102564102564 0.11009615384615386
0 0.06618589743589742 0.8973557692307693 0.0798076923076923 0.13028846153846155
0 0.5336538461538461 0.1704326923076923 0.10705128205128205 0.14759615384615385
0 0.6884615384615385 0.17259615384615384 0.09615384615384616 0.12307692307692308
0 0.3072115384615385 0.5418269230769232 0.07275641025641026 0.10961538461538461
0 0.02660256410256412 0.3663461538461539 0.052564102564102565 0.08557692307692308
0 0.6955128205128205 0.5930288461538462 0.08076923076923077 0.09951923076923078
0 0.936698717948718 0.2137019230769231 0.10801282051282052 0.14278846153846156
