0 0.7948717948717949 0.5603365384615385 0.04935897435897436 0.08317307692307693
0 0.8442307692307692 0.6793269230769231 0.05512820512820513 0.0903846153846154
0 0.95 0.6754807692307693 0.04487179487179487 0.06153846153846154
0 0.9780448717948718 0.32740384615384616 0.04455128205128205 0.11730769230769231
0 0.9285256410256411 0.03365384615384616 0.06217948717948718 0.06826923076923078
0 0.8791666666666667 0.03173076923076923 0.05384615384615385 0.06346153846153846
0 0.7487179487179487 0.22355769230769232 0.05064102564102564 0.07019230769230769
0 0.9278846153846154 0.48365384615384616 0.05897435897435897 0.07884615384615384
0 0.9855769230769231 0.7300480769230769 0.029487179487179487 0.08605769230769231
0 0.9698717948717949 0.6980769230769232 0.04551282051282051 0.06923076923076923
0 0.8035256410256411 0.6418269230769231 0.04551282051282051 0.07500000000000001
0 0.7567307692307692 0.5774038461538462 0.052564102564102565 0.08846153846153847
0 0.7285256410256411 0.5161057692307692 0.057692307692307696 0.08125
