0 0.14166666666666672 0.7242788461538462 0.06346153846153846 0.10913461538461539
0 0.20288461538461533 0.696875 0.052564102564102565 0.09855769230769232
0 0.1511217948717949 0.83125 0.0625 0.09615384615384616
0 0.09983974358974357 0.7980769230769231 0.05096153846153846 0.09326923076923077
0 0.0362179487179487 0.6625000000000001 0.06666666666666667 0.09423076923076923
0 0.8155448717948718 0.46995192307692313 0.09006410256410256 0.1293269230769231
0 0.9024038461538462 0.4730769230769231 0.08044871794871795 0.11538461538461539
0 0.7041666666666666 0.3704326923076923 0.09166666666666666 0.1216346153846154
0 0.5653846153846154 0.5173076923076924 0.07948717948717948 0.10096153846153846
0 0.7097756410256411 0.5954326923076924 0.0919871794871795 0.13990384615384616
0 0.6817307692307693 0.6913461538461538 0.07243589743589744 0.1
0 0.34423076923076923 0.846875 0.06602564102564103 0.09951923076923078
0 0.447275641025641 0.826923076923077 0.061217948717948716 0.09615384615384616
0 0.07179487179487176 0.6805288461538462 0.05705128205128205 0.09182692307692308
0 0.03733974358974357 0.7911057692307693 0.0483974358974359 0.06586538461538462
0 0.2778846153846154 0.04543269230769231 0.07243589743589744 0.09182692307692308
0 0.35 0.040625 0.06923076923076923 0.08125
0 0.6416666666666666 0.7012019230769231 0.05705128205128205 0.09471153846153847
0 0.8636217948717949 0.5112980769230769 0.06762820512820512 0.11201923076923077
0 0.9629807692307693 0.5461538461538462 0.06570512820512821 0.10673076923076924
0 0.5043269230769231 0.48557692307692313 0.05929487179487179 0.10192307692307692
0 0.3355769230769231 0.9805288461538462 0.05897435897435897 0.037980769230769235
0 0.37724358974358974 0.8762019230769231 0.07179487179487179 0.09663461538461539
