0 0.03685897435897434 0.08677884615384616 0.07115384615384615 0.10528846153846154
0 0.13124999999999998 0.5067307692307692 0.08173076923076923 0.11153846153846154
0 0.26233974358974355 0.6980769230769232 0.0733974358974359 0.10480769230769231
0 0.2205128205128205 0.7043269230769231 0.05961538461538462 0.09903846153846155
0 0.40625 0.4637019230769231 0.08493589743589744 0.13413461538461538
0 0.555448717948718 0.5567307692307693 0.07564102564102564 0.11826923076923078
0 0.5248397435897436 0.5475961538461539 0.06442307692307692 0.10384615384615385
0 0.4716346153846154 0.47355769230769235 0.06955128205128205 0.11634615384615385
0 0.39230769230769236 0.5168269230769231 0.09358974358974359 0.13461538461538464
0 0.29038461538461535 0.35360576923076925 0.09615384615384616 0.13701923076923078
0 0.07307692307692304 0.47067307692307697 0.07692307692307693 0.11057692307692309
0 0.29535256410256405 0.5923076923076923 0.0875 0.1432692307692308
