0 0.18541666666666667 0.14807692307692308 0.09711538461538462 0.11538461538461539
0 0.5342948717948718 0.5074519230769231 0.06538461538461539 0.09471153846153847
0 0.5966346153846154 0.5204326923076923 0.0625 0.10144230769230769
0 0.5498397435897435 0.7048076923076924 0.06698717948717949 0.1
0 0.6717948717948719 0.7074519230769231 0.0685897435897436 0.11009615384615386
0 0.7248397435897436 0.7197115384615385 0.06634615384615385 0.1
0 0.8854166666666666 0.8223557692307693 0.05673076923076923 0.08990384615384615
0 0.8541666666666666 0.8360576923076923 0.046153846153846156 0.0826923076923077
0 0.7522435897435897 0.546875 0.07692307692307693 0.09278846153846154
0 0.566025641025641 0.5543269230769231 0.05641025641025641 0.0951923076923077
0 0.019230769230769273 0.9012019230769232 0.03782051282051282 0.11778846153846155
