0 0.7269230769230769 0.47692307692307695 0.0532051282051282 0.0826923076923077
0 0.6583333333333333 0.4879807692307693 0.04807692307692308 0.07115384615384615
0 0.4346153846153846 0.6086538461538462 0.05128205128205128 0.07307692307692308
0 0.42275641025641025 0.6949519230769231 0.04807692307692308 0.0716346153846154
0 0.502724358974359 0.911298076923077 0.05096153846153846 0.07355769230769231
0 0.7176282051282051 0.3769230769230769 0.05705128205128205 0.08557692307692308
0 0.4083333333333333 0.9656250000000001 0.05576923076923077 0.06778846153846155
0 0.3346153846153846 0.6430288461538461 0.051923076923076926 0.06778846153846155
0 0.6020833333333333 0.5149038461538462 0.0516025641025641 0.07788461538461539
0 0.16506410256410256 0.14182692307692307 0.052564102564102565 0.07500000000000001
0 0.5102564102564102 0.43485576923076924 0.05064102564102564 0.08221153846153846
