0 0.5524038461538461 0.6230769230769231 0.05673076923076923 0.08461538461538462
0 0.25544871794871793 0.46875 0.05512820512820513 0.07980769230769232
0 0.23301282051282046 0.4980769230769231 0.05705128205128205 0.08557692307692308
0 0.20608974358974363 0.03990384615384616 0.06923076923076923 0.07980769230769232
0 0.42483974358974363 0.43485576923076924 0.07019230769230769 0.09855769230769232
0 0.46105769230769234 0.4668269230769231 0.06891025641025642 0.1028846153846154
0 0.4198717948717948 0.30673076923076925 0.07307692307692308 0.10480769230769231
0 0.4080128205128205 0.23245192307692308 0.07564102564102564 0.12355769230769231
0 0.6017628205128205 0.46610576923076924 0.0625 0.09567307692307693
0 0.5673076923076923 0.49230769230769234 0.06666666666666667 0.10384615384615385
0 0.5649038461538461 0.353125 0.06570512820512821 0.09759615384615385
0 0.6209935897435898 0.3216346153846154 0.06185897435897436 0.09326923076923077
0 0.7028846153846153 0.4360576923076923 0.06538461538461539 0.09711538461538462
0 0.6330128205128205 0.40793269230769236 0.0685897435897436 0.09567307692307693
0 0.8153846153846154 0.1293269230769231 0.07307692307692308 0.0903846153846154
0 0.8673076923076923 0.15552884615384616 0.07051282051282051 0.10625000000000001
0 0.9873397435897436 0.3091346153846154 0.025961538461538463 0.09615384615384616
0 0.9767628205128205 0.2918269230769231 0.03493589743589744 0.06346153846153846
0 0.21618589743589745 0.3324519230769231 0.058653846153846154 0.09663461538461539
0 0.1498397435897436 0.44927884615384617 0.058653846153846154 0.08701923076923078
