0 0.4291666666666667 0.8230769230769232 0.04487179487179487 0.07115384615384615
0 0.39246794871794877 0.8449519230769231 0.040705128205128206 0.06778846153846155
0 0.35929487179487185 0.7774038461538462 0.046794871794871795 0.07884615384615384
0 0.32355769230769227 0.7973557692307692 0.04326923076923077 0.07067307692307692
0 0.24615384615384617 0.8497596153846154 0.041666666666666664 0.058173076923076925
0 0.17868589743589747 0.8793269230769232 0.0375 0.06442307692307693
0 0.1461538461538462 0.8680288461538462 0.03782051282051282 0.05913461538461539
0 0.33429487179487183 0.8973557692307693 0.05064102564102564 0.06490384615384616
0 0.3192307692307692 0.8574519230769231 0.04935897435897436 0.06105769230769231
0 0.31169871794871795 0.9567307692307693 0.033012820512820513 0.05673076923076924
0 0.2780448717948718 0.9656250000000001 0.033012820512820513 0.0639423076923077
0 0.21250000000000002 0.967548076923077 0.035897435897435895 0.05048076923076923
0 0.21746794871794872 0.6524038461538462 0.03878205128205128 0.06442307692307693
0 0.18173076923076925 0.6605769230769231 0.04230769230769231 0.07211538461538462
0 0.0806089743589744 0.5930288461538462 0.04455128205128205 0.07836538461538461
0 0.06618589743589742 0.47668269230769234 0.04326923076923077 0.0764423076923077
0 0.10913461538461533 0.5915865384615385 0.040705128205128206 0.05432692307692308
0 0.25048076923076923 0.8915865384615385 0.058653846153846154 0.06682692307692308
