0 0.7466346153846154 0.3266826923076923 0.06314102564102564 0.09663461538461539
0 0.749198717948718 0.3043269230769231 0.07083333333333333 0.08846153846153847
0 0.8375 0.1605769230769231 0.07435897435897436 0.10961538461538461
0 0.8673076923076923 0.1903846153846154 0.07115384615384615 0.10384615384615385
0 0.6735576923076922 0.09350961538461539 0.052243589743589745 0.06490384615384616
0 0.6086538461538462 0.16923076923076924 0.058333333333333334 0.08076923076923077
0 0.5530448717948717 0.1449519230769231 0.05608974358974359 0.07836538461538461
0 0.29230769230769227 0.09759615384615385 0.05641025641025641 0.08750000000000001
0 0.30865384615384617 0.23125 0.04423076923076923 0.07788461538461539
0 0.2681089743589744 0.24375000000000002 0.04519230769230769 0.08846153846153847
0 0.2349358974358975 0.7512019230769231 0.06025641025641026 0.0889423076923077
0 0.28237179487179487 0.790625 0.060897435897435896 0.08413461538461539
0 0.2892628205128205 0.8411057692307693 0.05352564102564102 0.06586538461538462
0 0.48733974358974363 0.5461538461538462 0.05929487179487179 0.07596153846153847
0 0.03798076923076921 0.037980769230769235 0.07403846153846154 0.07692307692307693
