0 0.5386217948717948 0.3860576923076923 0.058012820512820515 0.09615384615384616
0 0.5181089743589744 0.36610576923076926 0.06314102564102564 0.09567307692307693
0 0.6649038461538461 0.22235576923076925 0.06955128205128205 0.10144230769230769
0 0.6580128205128205 0.25673076923076926 0.0685897435897436 0.0826923076923077
0 0.8947115384615385 0.5512019230769231 0.07467948717948718 0.09567307692307693
0 0.8604166666666666 0.5259615384615385 0.06570512820512821 0.07500000000000001
0 0.0411858974358974 0.21177884615384618 0.05929487179487179 0.08413461538461539
0 0.111698717948718 0.23629807692307694 0.05480769230769231 0.08317307692307693
0 0.24743589743589745 0.16298076923076923 0.04807692307692308 0.07692307692307693
0 0.050480769230769273 0.9125000000000001 0.07724358974358975 0.14038461538461539
