0 0.7274038461538461 0.4918269230769231 0.03685897435897436 0.046153846153846156
0 0.5618589743589744 0.5716346153846155 0.03717948717948718 0.0625
0 0.5479166666666666 0.5211538461538462 0.04006410256410257 0.051923076923076926
0 0.5592948717948718 0.41802884615384617 0.03012820512820513 0.0514423076923077
0 0.591025641025641 0.29735576923076923 0.03653846153846154 0.05336538461538462
0 0.9642628205128205 0.34423076923076923 0.03621794871794872 0.049038461538461545
0 0.5754807692307693 0.9653846153846154 0.030448717948717948 0.04423076923076923
0 0.3424679487179487 0.9685096153846154 0.03685897435897436 0.04567307692307693
0 0.3209935897435897 0.9887019230769232 0.03365384615384615 0.021634615384615384
0 0.3022435897435898 0.8586538461538462 0.03205128205128205 0.04326923076923077
0 0.15496794871794872 0.7473557692307693 0.035576923076923075 0.04567307692307693
0 0.14054487179487185 0.7262019230769231 0.033012820512820513 0.04471153846153846
0 0.5073717948717948 0.12812500000000002 0.01730769230769231 0.03125
0 0.5149038461538462 0.1423076923076923 0.01955128205128205 0.03076923076923077
0 0.45977564102564106 0.17548076923076925 0.022756410256410255 0.032692307692307694
0 0.6636217948717948 0.3805288461538462 0.03108974358974359 0.04278846153846154
0 0.7485576923076923 0.047355769230769236 0.028525641025641025 0.040865384615384616
