0 0.38221153846153844 0.9793269230769232 0.0625 0.04038461538461539
0 0.3653846153846154 0.6242788461538462 0.05897435897435897 0.08028846153846154
0 0.30304487179487183 0.4668269230769231 0.06185897435897436 0.06442307692307693
0 0.2729166666666667 0.5663461538461538 0.05929487179487179 0.10384615384615385
0 0.21169871794871797 0.565625 0.06378205128205128 0.10336538461538462
0 0.8 0.6473557692307693 0.05961538461538462 0.11490384615384616
0 0.7060897435897435 0.6531250000000001 0.075 0.10144230769230769
0 0.9618589743589744 0.6247596153846154 0.0685897435897436 0.08990384615384615
0 0.9724358974358974 0.1216346153846154 0.05 0.060576923076923084
0 0.8211538461538461 0.08605769230769231 0.05128205128205128 0.07019230769230769
0 0.14423076923076927 0.02668269230769231 0.057692307692307696 0.05432692307692308
0 0.0854166666666667 0.021634615384615384 0.05993589743589744 0.04423076923076923
0 0.574198717948718 0.9437500000000001 0.07532051282051282 0.0826923076923077
