0 0.30304487179487183 0.8661057692307693 0.05480769230769231 0.08028846153846154
0 0.21923076923076923 0.8980769230769231 0.041666666666666664 0.05961538461538462
0 0.8685897435897436 0.5824519230769231 0.05705128205128205 0.06971153846153846
0 0.8373397435897436 0.755048076923077 0.052884615384615384 0.0764423076923077
0 0.7834935897435897 0.6754807692307693 0.0483974358974359 0.06923076923076923
0 0.7391025641025641 0.578125 0.05 0.06778846153846155
0 0.8716346153846154 0.13365384615384615 0.04391025641025641 0.05480769230769231
0 0.8541666666666666 0.09495192307692309 0.04551282051282051 0.05528846153846154
0 0.7987179487179488 0.13870192307692308 0.052564102564102565 0.07067307692307692
0 0.7798076923076923 0.24975961538461539 0.05448717948717949 0.07067307692307692
0 0.7060897435897435 0.17932692307692308 0.06602564102564103 0.07596153846153847
0 0.6298076923076923 0.19735576923076925 0.057692307692307696 0.0716346153846154
0 0.5754807692307693 0.18942307692307694 0.05737179487179487 0.06730769230769232
0 0.8099358974358974 0.027403846153846154 0.07564102564102564 0.05576923076923077
0 0.8342948717948718 0.03245192307692308 0.06346153846153846 0.06586538461538462
