0 0.36105769230769236 0.5324519230769231 0.06442307692307692 0.09278846153846154
0 0.191025641025641 0.8168269230769232 0.05448717948717949 0.08365384615384616
0 0.30993589743589745 0.1423076923076923 0.06346153846153846 0.09615384615384616
0 0.17483974358974363 0.12548076923076923 0.052884615384615384 0.06730769230769232
0 0.19310897435897434 0.22692307692307695 0.05352564102564102 0.07019230769230769
0 0.16490384615384612 0.22740384615384618 0.04326923076923077 0.07403846153846154
0 0.5341346153846154 0.4288461538461539 0.06762820512820512 0.09615384615384616
0 0.4403846153846154 0.4173076923076923 0.046794871794871795 0.06826923076923078
0 0.5011217948717949 0.5516826923076923 0.06762820512820512 0.0889423076923077
0 0.7317307692307693 0.7055288461538461 0.06025641025641026 0.07740384615384616
0 0.8011217948717949 0.7411057692307693 0.07147435897435897 0.11009615384615386
0 0.7317307692307693 0.7605769230769232 0.07307692307692308 0.10480769230769231
0 0.7931089743589743 0.8360576923076923 0.0733974358974359 0.1028846153846154
0 0.81875 0.8367788461538462 0.06314102564102564 0.08605769230769231
0 0.6455128205128204 0.48125 0.04294871794871795 0.07500000000000001
0 0.5692307692307692 0.3492788461538462 0.057692307692307696 0.09759615384615385
0 0.5849358974358974 0.38798076923076924 0.06987179487179487 0.09903846153846155
0 0.5697115384615384 0.27572115384615387 0.061217948717948716 0.07067307692307692
