0 0.5379807692307692 0.35552884615384617 0.06314102564102564 0.09471153846153847
0 0.5703525641025642 0.27235576923076926 0.05993589743589744 0.09182692307692308
0 0.5793269230769231 0.321875 0.06378205128205128 0.0889423076923077
0 0.32291666666666663 0.47860576923076925 0.05737179487179487 0.08990384615384615
0 0.4806089743589743 0.4899038461538462 0.07083333333333333 0.09711538461538462
0 0.6891025641025641 0.6786057692307693 0.06987179487179487 0.09182692307692308
0 0.7516025641025641 0.6598557692307693 0.07435897435897436 0.10144230769230769
0 0.7480769230769231 0.7567307692307693 0.07628205128205129 0.09230769230769231
0 0.7711538461538462 0.7461538461538462 0.06153846153846154 0.08076923076923077
0 0.6229166666666667 0.9180288461538462 0.04006410256410257 0.06971153846153846
0 0.5360576923076923 0.9348557692307693 0.06057692307692308 0.08317307692307693
0 0.16810897435897432 0.7473557692307693 0.0516025641025641 0.0889423076923077
0 0.3259615384615384 0.0625 0.060897435897435896 0.11153846153846154
0 0.1923076923076923 0.04855769230769231 0.052564102564102565 0.08557692307692308
0 0.06666666666666665 0.07548076923076924 0.0641025641025641 0.08846153846153847
0 0.05224358974358978 0.19302884615384616 0.052564102564102565 0.07355769230769231
0 0.24871794871794872 0.029326923076923077 0.0641025641025641 0.05961538461538462
0 0.40673076923076923 0.3579326923076923 0.04871794871794872 0.09567307692307693
