0 0.4261217948717949 0.648798076923077 0.08173076923076923 0.11875000000000001
0 0.14038461538461533 0.7173076923076923 0.057692307692307696 0.07211538461538462
0 0.34294871794871795 0.4098557692307693 0.046153846153846156 0.06201923076923077
0 0.44310897435897434 0.43822115384615384 0.0516025641025641 0.06682692307692308
0 0.5036858974358974 0.38990384615384616 0.03878205128205128 0.07019230769230769
0 0.46875 0.39350961538461543 0.041346153846153845 0.06682692307692308
0 0.5405448717948718 0.018028846153846156 0.04006410256410257 0.03605769230769231
0 0.6243589743589744 0.5918269230769231 0.03461538461538462 0.05384615384615385
0 0.667948717948718 0.4449519230769231 0.04294871794871795 0.05625
0 0.23285256410256405 0.023557692307692307 0.06185897435897436 0.04807692307692308
