0 0.7261217948717948 0.8074519230769232 0.05608974358974359 0.07451923076923077
0 0.3004807692307693 0.9574519230769232 0.07275641025641026 0.08413461538461539
0 0.24054487179487183 0.967548076923077 0.05929487179487179 0.0639423076923077
0 0.05304487179487183 0.7668269230769231 0.07596153846153846 0.09615384615384616
0 0.038621794871794846 0.8165865384615385 0.06057692307692308 0.08125
0 0.044711538461538414 0.9774038461538462 0.05673076923076923 0.04326923076923077
0 0.4049679487179487 0.45504807692307697 0.05416666666666667 0.0764423076923077
0 0.4174679487179487 0.5817307692307693 0.07275641025641026 0.08942307692307692
0 0.10432692307692304 0.21610576923076924 0.05993589743589744 0.06875
0 0.05801282051282053 0.2586538461538462 0.05576923076923077 0.08076923076923077
