0 0.336698717948718 0.4411057692307693 0.06826923076923076 0.10721153846153847
0 0.4625 0.21971153846153849 0.07307692307692308 0.09807692307692309
0 0.42676282051282055 0.16298076923076923 0.07916666666666666 0.1028846153846154
0 0.5299679487179487 0.7204326923076924 0.0733974358974359 0.09663461538461539
0 0.14855769230769234 0.7899038461538462 0.06955128205128205 0.08653846153846154
0 0.1511217948717949 0.9605769230769231 0.05416666666666667 0.07211538461538462
0 0.10544871794871791 0.9637019230769232 0.05705128205128205 0.06875
0 0.07355769230769227 0.8980769230769231 0.061217948717948716 0.09615384615384616
0 0.09246794871794872 0.8610576923076924 0.06378205128205128 0.08846153846153847
0 0.6467948717948717 0.8562500000000001 0.07884615384615384 0.1125
0 0.6004807692307692 0.6165865384615385 0.07916666666666666 0.10625000000000001
0 0.6592948717948718 0.6512019230769232 0.08205128205128205 0.11682692307692308
0 0.8259615384615384 0.6937500000000001 0.057692307692307696 0.07788461538461539
0 0.672275641025641 0.20120192307692308 0.05673076923076923 0.0716346153846154
0 0.07435897435897432 0.11923076923076924 0.057692307692307696 0.07980769230769232
