0 0.3876602564102564 0.3855769230769231 0.08173076923076923 0.1076923076923077
0 0.6040064102564102 0.770673076923077 0.06506410256410257 0.0951923076923077
0 0.6439102564102565 0.3855769230769231 0.047435897435897434 0.06538461538461539
0 0.8169871794871795 0.5805288461538461 0.05 0.07740384615384616
0 0.23205128205128206 0.68125 0.07948717948717948 0.1125
0 0.9270833333333334 0.7810096153846154 0.04519230769230769 0.07740384615384616
0 0.5083333333333333 0.41298076923076926 0.046794871794871795 0.06153846153846154
0 0.24775641025641026 0.3699519230769231 0.06923076923076923 0.06971153846153846
0 0.19951923076923078 0.3610576923076923 0.06698717948717949 0.09615384615384616
0 0.10336538461538461 0.06610576923076923 0.08365384615384615 0.09855769230769232
0 0.4463141025641026 0.052403846153846155 0.06955128205128205 0.0951923076923077
