0 0.13541666666666663 0.16875 0.058012820512820515 0.08750000000000001
0 0.43173076923076925 0.7122596153846155 0.06346153846153846 0.07451923076923077
0 0.4161858974358974 0.6016826923076923 0.04391025641025641 0.06490384615384616
0 0.13621794871794868 0.4742788461538462 0.051923076923076926 0.07451923076923077
0 0.14423076923076927 0.5379807692307692 0.06474358974358975 0.08653846153846154
0 0.039102564102564075 0.5449519230769231 0.05897435897435897 0.08317307692307693
0 0.060576923076923084 0.453125 0.0532051282051282 0.08125
0 0.09855769230769229 0.5168269230769231 0.05352564102564102 0.07500000000000001
0 0.26858974358974363 0.8942307692307693 0.057692307692307696 0.08846153846153847
0 0.1216346153846154 0.9536057692307692 0.05993589743589744 0.06586538461538462
