0 0.4078525641025641 0.7899038461538462 0.06057692307692308 0.08461538461538462
0 0.27676282051282053 0.5560096153846155 0.05416666666666667 0.07932692307692309
0 0.20496794871794877 0.5798076923076924 0.058653846153846154 0.07788461538461539
0 0.13108974358974357 0.2653846153846154 0.05384615384615385 0.07692307692307693
0 0.06105769230769231 0.7480769230769231 0.05480769230769231 0.08461538461538462
0 0.7866987179487179 0.22355769230769232 0.0625 0.08750000000000001
0 0.73125 0.2449519230769231 0.058653846153846154 0.08125
0 0.6461538461538461 0.26490384615384616 0.05064102564102564 0.08076923076923077
0 0.6129807692307692 0.28365384615384615 0.047115384615384615 0.08653846153846154
0 0.59375 0.20985576923076923 0.055448717948717946 0.09759615384615385
0 0.5455128205128206 0.21057692307692308 0.0532051282051282 0.09711538461538462
0 0.486698717948718 0.30000000000000004 0.055448717948717946 0.07500000000000001
0 0.48926282051282055 0.5161057692307692 0.07019230769230769 0.07932692307692309
