0 0.2924679487179487 0.22115384615384617 0.061217948717948716 0.09903846153846155
0 0.2254807692307692 0.2216346153846154 0.06506410256410257 0.09615384615384616
0 0.3009615384615385 0.11875000000000001 0.06794871794871794 0.11346153846153847
0 0.24615384615384617 0.14110576923076923 0.06217948717948718 0.08317307692307693
0 0.2136217948717949 0.08990384615384615 0.06762820512820512 0.07211538461538462
0 0.5823717948717948 0.9367788461538462 0.05576923076923077 0.06298076923076923
0 0.9373397435897436 0.920673076923077 0.07211538461538461 0.08365384615384616
0 0.9791666666666666 0.95625 0.04230769230769231 0.08461538461538462
0 0.6086538461538462 0.39735576923076926 0.06602564102564103 0.07836538461538461
0 0.5698717948717948 0.4254807692307693 0.06987179487179487 0.08076923076923077
0 0.6298076923076923 0.25985576923076925 0.05 0.05625
0 0.667948717948718 0.22235576923076925 0.04038461538461539 0.05913461538461539
0 0.7286858974358974 0.10168269230769231 0.052243589743589745 0.05625
0 0.649198717948718 0.8649038461538462 0.040705128205128206 0.06346153846153846
