0 0.15048076923076925 0.6661057692307693 0.058012820512820515 0.08798076923076924
0 0.13413461538461535 0.7262019230769231 0.06185897435897436 0.08798076923076924
0 0.08862179487179489 0.7579326923076923 0.058653846153846154 0.08798076923076924
0 0.1334935897435897 0.8004807692307693 0.05993589743589744 0.08365384615384616
0 0.16987179487179482 0.5730769230769232 0.06987179487179487 0.1028846153846154
0 0.13044871794871793 0.4293269230769231 0.05897435897435897 0.08750000000000001
0 0.2947115384615384 0.4829326923076923 0.06314102564102564 0.08605769230769231
0 0.2649038461538461 0.5432692307692308 0.05416666666666667 0.08750000000000001
0 0.08301282051282055 0.4461538461538462 0.05576923076923077 0.0903846153846154
0 0.29983974358974363 0.561298076923077 0.04519230769230769 0.0764423076923077
0 0.5560897435897436 0.780048076923077 0.05128205128205128 0.0764423076923077
0 0.08349358974358978 0.1355769230769231 0.05929487179487179 0.0826923076923077
0 0.18477564102564104 0.44543269230769234 0.058012820512820515 0.07740384615384616
