0 0.1841346153846154 0.11802884615384616 0.10865384615384616 0.16971153846153847
0 0.1004807692307692 0.7324519230769231 0.0842948717948718 0.12548076923076923
0 0.03733974358974357 0.7675480769230769 0.07403846153846154 0.12451923076923077
0 0.5224358974358974 0.16298076923076923 0.09038461538461538 0.13653846153846155
0 0.5854166666666667 0.060576923076923084 0.0919871794871795 0.1201923076923077
0 0.597275641025641 0.17740384615384616 0.09262820512820513 0.14711538461538462
0 0.1841346153846154 0.1824519230769231 0.10032051282051282 0.13413461538461538
0 0.14679487179487183 0.19423076923076923 0.07435897435897436 0.13942307692307693
0 0.10608974358974355 0.7899038461538462 0.07371794871794872 0.09615384615384616
0 0.5504807692307692 0.2574519230769231 0.09903846153846153 0.12355769230769231
