0 0.3554487179487179 0.4449519230769231 0.07884615384615384 0.11105769230769232
0 0.3467948717948718 0.5180288461538461 0.07115384615384615 0.10144230769230769
0 0.3073717948717949 0.5480769230769231 0.06987179487179487 0.10961538461538461
0 0.43301282051282053 0.5574519230769232 0.07243589743589744 0.10336538461538462
0 0.4634615384615385 0.48173076923076924 0.08461538461538462 0.11153846153846154
0 0.45176282051282046 0.31490384615384615 0.06826923076923076 0.12211538461538463
0 0.4048076923076923 0.3262019230769231 0.07628205128205129 0.13028846153846155
0 0.3798076923076923 0.16490384615384615 0.08653846153846154 0.12115384615384617
0 0.37435897435897436 0.046153846153846156 0.0673076923076923 0.09230769230769231
0 0.29230769230769227 0.13052884615384616 0.07115384615384615 0.11778846153846155
0 0.3153846153846154 0.19447115384615385 0.07435897435897436 0.10625000000000001
0 0.2466346153846154 0.14423076923076925 0.06314102564102564 0.125
0 0.16346153846153844 0.31177884615384616 0.06346153846153846 0.10913461538461539
0 0.111698717948718 0.3110576923076923 0.0625 0.10480769230769231
0 0.03044871794871795 0.26177884615384617 0.04358974358974359 0.07836538461538461
0 0.7147435897435898 0.22043269230769233 0.07307692307692308 0.11875000000000001
0 0.698076923076923 0.33052884615384615 0.05641025641025641 0.09182692307692308
0 0.6660256410256411 0.30312500000000003 0.0641025641025641 0.11105769230769232
0 0.7097756410256411 0.047355769230769236 0.07916666666666666 0.09567307692307693
0 0.6349358974358974 0.02668269230769231 0.07115384615384615 0.05432692307692308
0 0.667948717948718 0.09110576923076924 0.08653846153846154 0.11009615384615386
