0 0.38237179487179485 0.5774038461538462 0.07371794871794872 0.12211538461538463
0 0.3386217948717949 0.5935096153846154 0.07147435897435897 0.12259615384615385
0 0.40240384615384617 0.6379807692307693 0.06634615384615385 0.10865384615384616
0 0.4717948717948718 0.6067307692307693 0.08076923076923077 0.12596153846153846
0 0.46426282051282053 0.48605769230769236 0.06698717948717949 0.0903846153846154
0 0.18173076923076925 0.17427884615384617 0.08333333333333333 0.12740384615384617
0 0.10977564102564108 0.2199519230769231 0.08557692307692308 0.12740384615384617
0 0.18974358974358974 0.2355769230769231 0.07371794871794872 0.0903846153846154
0 0.1217948717948718 0.7322115384615385 0.041666666666666664 0.07692307692307693
0 0.20416666666666672 0.7774038461538462 0.06923076923076923 0.09903846153846155
0 0.25048076923076923 0.7774038461538462 0.06634615384615385 0.11346153846153847
0 0.44294871794871793 0.8887019230769231 0.07692307692307693 0.11586538461538462
0 0.4423076923076923 0.958173076923077 0.07115384615384615 0.0826923076923077
0 0.4 0.96875 0.07179487179487179 0.06153846153846154
0 0.566025641025641 0.9149038461538462 0.07051282051282051 0.09326923076923077
0 0.542948717948718 0.7586538461538462 0.075 0.11346153846153847
0 0.49743589743589745 0.7711538461538462 0.08076923076923077 0.12211538461538463
0 0.7942307692307693 0.7555288461538462 0.06474358974358975 0.09182692307692308
0 0.7629807692307693 0.7336538461538462 0.07275641025641026 0.10865384615384616
0 0.8067307692307693 0.65 0.07307692307692308 0.12403846153846154
0 0.8036858974358975 0.4574519230769231 0.08173076923076923 0.1293269230769231
0 0.7310897435897437 0.4137019230769231 0.07948717948717948 0.14278846153846156
0 0.7599358974358974 0.5137019230769231 0.08782051282051281 0.11586538461538462
0 0.8391025641025641 0.41298076923076926 0.07371794871794872 0.09615384615384616
