0 0.6211538461538462 0.3473557692307693 0.09935897435897435 0.1485576923076923
0 0.528525641025641 0.3824519230769231 0.09935897435897435 0.14759615384615385
0 0.5879807692307693 0.48052884615384617 0.10737179487179487 0.14086538461538461
0 0.2649038461538461 0.44927884615384617 0.11121794871794871 0.1514423076923077
0 0.0806089743589744 0.8391826923076924 0.09775641025641026 0.14951923076923077
0 0.1578525641025641 0.8305288461538461 0.08301282051282051 0.13221153846153846
0 0.039102564102564075 0.5324519230769231 0.07692307692307693 0.12740384615384617
0 0.4886217948717949 0.8442307692307692 0.07019230769230769 0.11153846153846154
0 0.4091346153846154 0.4723557692307693 0.1016025641025641 0.17548076923076925
0 0.3998397435897436 0.5637019230769231 0.09775641025641026 0.12259615384615385
0 0.024839743589743613 0.9526442307692308 0.04903846153846154 0.09375
0 0.5011217948717949 0.8117788461538462 0.09262820512820513 0.12548076923076923
0 0.524198717948718 0.7230769230769232 0.08557692307692308 0.1355769230769231
