0 0.5666666666666667 0.22235576923076925 0.07948717948717948 0.12355769230769231
0 0.5286858974358974 0.2574519230769231 0.08301282051282051 0.13413461538461538
0 0.6153846153846154 0.27572115384615387 0.07692307692307693 0.11682692307692308
0 0.8942307692307693 0.6230769230769231 0.08782051282051281 0.12211538461538463
0 0.9681089743589744 0.6605769230769231 0.06378205128205128 0.14038461538461539
0 0.9466346153846154 0.7055288461538461 0.0798076923076923 0.09567307692307693
0 0.8618589743589744 0.8173076923076924 0.0532051282051282 0.07211538461538462
0 0.9149038461538461 0.8134615384615385 0.06891025641025642 0.1125
0 0.9711538461538461 0.8105769230769231 0.058333333333333334 0.12211538461538463
0 0.9806089743589743 0.9512019230769231 0.03942307692307692 0.09663461538461539
0 0.9673076923076923 0.5348557692307693 0.051923076923076926 0.10144230769230769
0 0.8355769230769231 0.7586538461538462 0.04807692307692308 0.08173076923076923
