0 0.7589743589743589 0.5137019230769231 0.07692307692307693 0.10240384615384616
0 0.7126602564102564 0.5774038461538462 0.07211538461538461 0.10480769230769231
0 0.7943910256410256 0.6492788461538462 0.04519230769230769 0.06490384615384616
0 0.9733974358974359 0.55625 0.052564102564102565 0.07211538461538462
0 0.2588141025641026 0.49230769230769234 0.05416666666666667 0.0826923076923077
0 0.18942307692307692 0.5137019230769231 0.04807692307692308 0.06971153846153846
0 0.2501602564102564 0.3961538461538462 0.05352564102564102 0.08846153846153847
0 0.04903846153846154 0.9418269230769232 0.04807692307692308 0.07307692307692308
0 0.14150641025641025 0.696875 0.038141025641025644 0.06490384615384616
0 0.11955128205128206 0.8887019230769231 0.04038461538461539 0.052403846153846155
0 0.13830128205128206 0.5449519230769231 0.04455128205128205 0.0764423076923077
0 0.9169871794871794 0.5882211538461539 0.05064102564102564 0.07067307692307692
