0 0.9011217948717949 0.2793269230769231 0.041987179487179484 0.07115384615384615
0 0.8261217948717949 0.821875 0.0516025641025641 0.07836538461538461
0 0.6317307692307692 0.3617788461538462 0.08012820512820513 0.09855769230769232
0 0.5153846153846153 0.20552884615384617 0.060897435897435896 0.09471153846153847
0 0.5235576923076923 0.2918269230769231 0.06955128205128205 0.08653846153846154
0 0.4028846153846154 0.24807692307692308 0.041666666666666664 0.07211538461538462
0 0.48108974358974355 0.21442307692307694 0.051923076923076926 0.06826923076923078
0 0.5392628205128205 0.0872596153846154 0.05416666666666667 0.07740384615384616
0 0.45160256410256405 0.55 0.052564102564102565 0.07211538461538462
0 0.4099358974358974 0.5235576923076923 0.047435897435897434 0.05961538461538462
0 0.41041666666666665 0.7012019230769231 0.058653846153846154 0.08221153846153846
0 0.392948717948718 0.8286057692307692 0.05 0.08509615384615385
0 0.4373397435897436 0.828125 0.041987179487179484 0.06971153846153846
0 0.13301282051282048 0.25504807692307696 0.05 0.08125
0 0.07980769230769236 0.24182692307692308 0.058333333333333334 0.08461538461538462
0 0.028525641025641035 0.20625000000000002 0.0532051282051282 0.07596153846153847
0 0.1479166666666667 0.09735576923076923 0.04583333333333333 0.06490384615384616
0 0.44310897435897434 0.2625 0.06634615384615385 0.09615384615384616
