0 0.5560897435897436 0.5742788461538462 0.08653846153846154 0.13221153846153846
0 0.41185897435897434 0.5543269230769231 0.08974358974358974 0.12211538461538463
0 0.384775641025641 0.42235576923076923 0.058653846153846154 0.07932692307692309
0 0.41362179487179485 0.3543269230769231 0.07275641025641026 0.09903846153846155
0 0.36233974358974363 0.3480769230769231 0.06314102564102564 0.09230769230769231
0 0.305448717948718 0.32043269230769234 0.060897435897435896 0.10144230769230769
0 0.25416666666666665 0.4153846153846154 0.07051282051282051 0.10673076923076924
0 0.9655448717948718 0.4117788461538462 0.05673076923076923 0.11105769230769232
0 0.9317307692307693 0.3942307692307693 0.06474358974358975 0.1076923076923077
0 0.9724358974358974 0.30865384615384617 0.05512820512820513 0.11538461538461539
0 0.8886217948717948 0.9629807692307693 0.06826923076923076 0.07211538461538462
0 0.8355769230769231 0.961298076923077 0.07307692307692308 0.0764423076923077
0 0.7947115384615384 0.955048076923077 0.06570512820512821 0.0889423076923077
0 0.34599358974358974 0.42860576923076926 0.03878205128205128 0.04278846153846154
0 0.3028846153846154 0.46923076923076923 0.05641025641025641 0.07788461538461539
0 0.2634615384615384 0.45793269230769235 0.05576923076923077 0.0716346153846154
