0 0.5028846153846154 0.545673076923077 0.075 0.1375
0 0.42852564102564106 0.5730769230769232 0.08525641025641026 0.12884615384615386
0 0.35112179487179485 0.5298076923076923 0.08173076923076923 0.1278846153846154
0 0.39375000000000004 0.4324519230769231 0.09519230769230769 0.1293269230769231
0 0.4948717948717949 0.4449519230769231 0.10128205128205128 0.13221153846153846
0 0.9605769230769231 0.703125 0.07884615384615384 0.15721153846153846
0 0.05673076923076925 0.5629807692307692 0.09102564102564102 0.11730769230769231
0 0.023717948717948745 0.514423076923077 0.046794871794871795 0.14134615384615384
0 0.18974358974358974 0.16802884615384617 0.10897435897435898 0.13413461538461538
0 0.13541666666666663 0.06802884615384616 0.09391025641025641 0.13221153846153846
0 0.14358974358974363 0.2903846153846154 0.08397435897435897 0.11634615384615385
0 0.2897435897435897 0.4 0.08717948717948718 0.12115384615384617
0 0.24871794871794872 0.3918269230769231 0.075 0.1326923076923077
0 0.18669871794871795 0.4829326923076923 0.0798076923076923 0.1139423076923077
0 0.24599358974358976 0.12307692307692308 0.07532051282051282 0.1028846153846154
