0 0.4009615384615385 0.8348557692307693 0.060897435897435896 0.11778846153846155
0 0.34471153846153846 0.8617788461538463 0.07147435897435897 0.10913461538461539
0 0.29038461538461535 0.8211538461538462 0.0782051282051282 0.11730769230769231
0 0.2709935897435898 0.8649038461538462 0.07596153846153846 0.1125
0 0.35 0.7375 0.08012820512820513 0.09711538461538462
0 0.2636217948717948 0.7355769230769231 0.07852564102564102 0.11538461538461539
0 0.2235576923076923 0.7000000000000001 0.07467948717948718 0.11538461538461539
0 0.15240384615384617 0.6980769230769232 0.07916666666666666 0.11538461538461539
0 0.04807692307692313 0.5918269230769231 0.08525641025641026 0.12115384615384617
0 0.08237179487179491 0.6625000000000001 0.08012820512820513 0.12115384615384617
0 0.847275641025641 0.4060096153846154 0.09262820512820513 0.12067307692307692
0 0.88125 0.48918269230769235 0.08685897435897436 0.11490384615384616
0 0.9310897435897436 0.45985576923076926 0.04935897435897436 0.08221153846153846
0 0.816025641025641 0.4586538461538462 0.06987179487179487 0.12403846153846154
0 0.7942307692307693 0.340625 0.075 0.11971153846153847
0 0.9028846153846154 0.19375 0.10961538461538461 0.1423076923076923
0 0.8205128205128205 0.9543269230769231 0.07884615384615384 0.0903846153846154
0 0.8972756410256411 0.9500000000000001 0.08173076923076923 0.09903846153846155
0 0.9466346153846154 0.9605769230769231 0.06314102564102564 0.07788461538461539
