0 0.5360576923076923 0.6418269230769231 0.05480769230769231 0.08750000000000001
0 0.5761217948717949 0.6918269230769231 0.061217948717948716 0.0826923076923077
0 0.597275641025641 0.5355769230769231 0.06570512820512821 0.07692307692307693
0 0.6086538461538462 0.5980769230769231 0.058333333333333334 0.08076923076923077
0 0.9105769230769231 0.6247596153846154 0.04551282051282051 0.06009615384615385
0 0.9855769230769231 0.5617788461538462 0.028846153846153848 0.046634615384615385
0 0.9041666666666667 0.9225961538461539 0.05384615384615385 0.07500000000000001
0 0.592948717948718 0.9454326923076923 0.075 0.09663461538461539
0 0.5793269230769231 0.9262019230769232 0.058012820512820515 0.08990384615384615
0 0.4847756410256411 0.9211538461538462 0.06570512820512821 0.0826923076923077
0 0.12115384615384617 0.5730769230769232 0.06794871794871794 0.0826923076923077
0 0.09855769230769229 0.5129807692307693 0.06057692307692308 0.09326923076923077
0 0.07035256410256407 0.7704326923076924 0.0625 0.08701923076923078
0 0.20048076923076918 0.40048076923076925 0.06506410256410257 0.08076923076923077
0 0.22163461538461537 0.44423076923076926 0.06826923076923076 0.0903846153846154
0 0.23621794871794877 0.3336538461538462 0.06602564102564103 0.09230769230769231
0 0.2629807692307692 0.27187500000000003 0.0483974358974359 0.06586538461538462
0 0.3285256410256411 0.2980769230769231 0.06987179487179487 0.09711538461538462
0 0.34615384615384615 0.3824519230769231 0.04230769230769231 0.06201923076923077
0 0.4198717948717948 0.08822115384615385 0.04935897435897436 0.06875
0 0.42980769230769234 0.12620192307692307 0.06346153846153846 0.0764423076923077
0 0.7524038461538461 0.02548076923076923 0.07083333333333333 0.05096153846153846
0 0.9548076923076924 0.7449519230769232 0.032692307692307694 0.0514423076923077
0 0.5455128205128206 0.9742788461538462 0.041666666666666664 0.049519230769230774
