0 0.7362179487179488 0.5117788461538462 0.0641025641025641 0.08605769230769231
0 0.7530448717948718 0.5887019230769232 0.0516025641025641 0.08798076923076924
0 0.7011217948717949 0.5887019230769232 0.05993589743589744 0.08125
0 0.6556089743589744 0.6141826923076923 0.05352564102564102 0.07548076923076924
0 0.7129807692307693 0.6461538461538462 0.05608974358974359 0.07019230769230769
0 0.3942307692307693 0.8105769230769231 0.047435897435897434 0.07403846153846154
0 0.16538461538461535 0.8204326923076923 0.06217948717948718 0.09086538461538463
0 0.12243589743589745 0.7836538461538461 0.0641025641025641 0.08750000000000001
0 0.13221153846153844 0.8423076923076923 0.04775641025641025 0.07980769230769232
0 0.0905448717948718 0.9137019230769231 0.06698717948717949 0.08221153846153846
0 0.02035256410256414 0.43485576923076924 0.03942307692307692 0.06971153846153846
0 0.4735576923076923 0.6637019230769231 0.06891025641025642 0.09471153846153847
0 0.5517628205128204 0.6843750000000001 0.058012820512820515 0.08798076923076924
0 0.49246794871794874 0.7286057692307693 0.06570512820512821 0.09278846153846154
0 0.44294871794871793 0.8036057692307693 0.06346153846153846 0.09086538461538463
0 0.4737179487179487 0.8086538461538462 0.0532051282051282 0.09326923076923077
0 0.3112179487179487 0.7278846153846155 0.000641025641025641 0.0019230769230769232
