0 0.4685897435897436 0.4432692307692308 0.06666666666666667 0.07500000000000001
0 0.4403846153846154 0.38317307692307695 0.0641025641025641 0.09615384615384616
0 0.41538461538461535 0.6387019230769231 0.06217948717948718 0.08413461538461539
0 0.5379807692307692 0.2742788461538462 0.06314102564102564 0.08605769230769231
0 0.5498397435897435 0.325 0.06442307692307692 0.08076923076923077
0 0.5692307692307692 0.20985576923076923 0.06282051282051282 0.08413461538461539
0 0.5942307692307692 0.14975961538461538 0.046153846153846156 0.06298076923076923
0 0.6373397435897437 0.1685096153846154 0.0625 0.07932692307692309
0 0.6685897435897437 0.2586538461538462 0.06025641025641026 0.08750000000000001
0 0.7125 0.02235576923076923 0.05576923076923077 0.04471153846153846
0 0.8073717948717949 0.5324519230769231 0.05128205128205128 0.0889423076923077
0 0.8461538461538461 0.5754807692307693 0.05576923076923077 0.09423076923076923
0 0.9467948717948718 0.44230769230769235 0.06025641025641026 0.0903846153846154
0 0.9355769230769231 0.8262019230769231 0.05897435897435897 0.09759615384615385
0 0.9129807692307692 0.8185096153846154 0.052243589743589745 0.08701923076923078
0 0.941025641025641 0.8973557692307693 0.06346153846153846 0.08028846153846154
0 0.8004807692307692 0.8043269230769231 0.06634615384615385 0.08461538461538462
