0 0.3961538461538462 0.19879807692307694 0.0641025641025641 0.08509615384615385
0 0.03685897435897434 0.17427884615384617 0.0641025641025641 0.08509615384615385
0 0.23733974358974363 0.7129807692307693 0.06057692307692308 0.08846153846153847
0 0.205448717948718 0.7629807692307693 0.05641025641025641 0.09134615384615385
0 0.02099358974358978 0.826923076923077 0.040705128205128206 0.09326923076923077
0 0.5110576923076924 0.07115384615384615 0.06314102564102564 0.09230769230769231
0 0.5405448717948718 0.11802884615384616 0.06762820512820512 0.09663461538461539
0 0.47916666666666663 0.13413461538461538 0.05641025641025641 0.08557692307692308
0 0.7274038461538461 0.1528846153846154 0.06570512820512821 0.09807692307692309
0 0.6911858974358974 0.1810096153846154 0.058653846153846154 0.08990384615384615
0 0.7629807692307693 0.02980769230769231 0.07019230769230769 0.060576923076923084
0 0.8179487179487179 0.04495192307692308 0.058333333333333334 0.08317307692307693
0 0.7586538461538461 0.0872596153846154 0.05641025641025641 0.08509615384615385
