0 0.7366987179487179 0.5692307692307692 0.06634615384615385 0.10096153846153846
0 0.7791666666666667 0.6382211538461539 0.06666666666666667 0.07740384615384616
0 0.7112179487179487 0.8262019230769231 0.058333333333333334 0.08605769230769231
0 0.9717948717948718 0.7766826923076924 0.05705128205128205 0.08221153846153846
0 0.841025641025641 0.4730769230769231 0.06666666666666667 0.08846153846153847
0 0.8342948717948718 0.5286057692307693 0.06666666666666667 0.0764423076923077
0 0.8604166666666666 0.40625 0.05929487179487179 0.08365384615384616
0 0.924198717948718 0.4723557692307693 0.06185897435897436 0.10240384615384616
0 0.9528846153846153 0.17740384615384616 0.041025641025641026 0.06442307692307693
0 0.9411858974358974 0.21682692307692308 0.06762820512820512 0.10096153846153846
