0 0.3291666666666667 0.6949519230769231 0.07692307692307693 0.11105769230769232
0 0.45496794871794877 0.9230769230769231 0.06442307692307692 0.08653846153846154
0 0.3948717948717949 0.9418269230769232 0.07692307692307693 0.11538461538461539
0 0.49230769230769234 0.9699519230769231 0.07756410256410257 0.05913461538461539
0 0.686698717948718 0.8867788461538462 0.05993589743589744 0.08701923076923078
0 0.7298076923076924 0.858173076923077 0.05 0.06923076923076923
0 0.7604166666666666 0.7855769230769232 0.061217948717948716 0.07019230769230769
0 0.6399038461538462 0.7680288461538461 0.05416666666666667 0.08798076923076924
0 0.8955128205128206 0.3230769230769231 0.057692307692307696 0.09711538461538462
0 0.5868589743589744 0.48365384615384616 0.04871794871794872 0.07307692307692308
