0 0.6918269230769231 0.7067307692307693 0.08814102564102565 0.12403846153846154
0 0.4674679487179487 0.7961538461538462 0.0919871794871795 0.1355769230769231
0 0.542948717948718 0.6942307692307693 0.09935897435897435 0.13173076923076923
0 0.5261217948717949 0.5387019230769231 0.07916666666666666 0.11682692307692308
0 0.10801282051282046 0.7418269230769231 0.05897435897435897 0.08846153846153847
0 0.09679487179487178 0.3324519230769231 0.08012820512820513 0.11778846153846155
0 0.03733974358974357 0.39254807692307697 0.07211538461538461 0.11490384615384616
0 0.18044871794871797 0.46802884615384616 0.06794871794871794 0.09759615384615385
0 0.13365384615384612 0.5348557692307693 0.05448717948717949 0.07932692307692309
0 0.08798076923076925 0.6100961538461539 0.05352564102564102 0.08557692307692308
0 0.267948717948718 0.19927884615384617 0.06346153846153846 0.09182692307692308
0 0.32788461538461533 0.08870192307692308 0.05384615384615385 0.07932692307692309
0 0.04663461538461533 0.259375 0.061217948717948716 0.09086538461538463
0 0.01602564102564108 0.2855769230769231 0.03076923076923077 0.0951923076923077
0 0.7136217948717949 0.06298076923076923 0.06057692307692308 0.08173076923076923
0 0.7011217948717949 0.41105769230769235 0.0842948717948718 0.10480769230769231
0 0.39358974358974363 0.8259615384615385 0.05705128205128205 0.06442307692307693
0 0.1004807692307692 0.43870192307692313 0.07724358974358975 0.11298076923076923
0 0.1448717948717949 0.35360576923076925 0.05448717948717949 0.09086538461538463
