0 0.5573717948717949 0.33990384615384617 0.06794871794871794 0.11346153846153847
0 0.5166666666666666 0.36923076923076925 0.0782051282051282 0.11634615384615385
0 0.4487179487179487 0.33052884615384615 0.07115384615384615 0.10144230769230769
0 0.45432692307692313 0.2266826923076923 0.07724358974358975 0.12067307692307692
0 0.4511217948717948 0.4242788461538462 0.0733974358974359 0.10913461538461539
0 0.392948717948718 0.390625 0.07051282051282051 0.11105769230769232
0 0.38605769230769227 0.46923076923076923 0.07147435897435897 0.10096153846153846
0 0.3435897435897436 0.40913461538461543 0.0673076923076923 0.10384615384615385
0 0.29182692307692304 0.3480769230769231 0.07275641025641026 0.11634615384615385
0 0.35929487179487185 0.34687500000000004 0.06794871794871794 0.09855769230769232
0 0.32996794871794877 0.20096153846153847 0.07275641025641026 0.1125
0 0.2384615384615385 0.22187500000000002 0.06153846153846154 0.09278846153846154
0 0.23429487179487185 0.4259615384615385 0.07115384615384615 0.10192307692307692
0 0.25737179487179485 0.7028846153846154 0.0641025641025641 0.09134615384615385
