0 0.20608974358974363 0.3293269230769231 0.06794871794871794 0.10576923076923078
0 0.1397435897435897 0.36923076923076925 0.0673076923076923 0.09903846153846155
0 0.18846153846153846 0.23052884615384617 0.07435897435897436 0.10528846153846154
0 0.1166666666666667 0.225 0.06602564102564103 0.10576923076923078
0 0.10432692307692304 0.03293269230769231 0.07083333333333333 0.06682692307692308
0 0.5043269230769231 0.7387019230769232 0.06442307692307692 0.09471153846153847
0 0.5560897435897436 0.7661057692307692 0.0685897435897436 0.09375
0 0.6306089743589743 0.5466346153846154 0.06314102564102564 0.08942307692307692
0 0.6011217948717948 0.5598557692307693 0.06698717948717949 0.09086538461538463
0 0.6916666666666667 0.5286057692307693 0.05512820512820513 0.09951923076923078
0 0.7392628205128204 0.6230769230769231 0.06442307692307692 0.07788461538461539
0 0.8860576923076923 0.8555288461538462 0.06570512820512821 0.09855769230769232
0 0.878525641025641 0.5867788461538462 0.05641025641025641 0.08028846153846154
0 0.8610576923076922 0.5098557692307693 0.05737179487179487 0.08413461538461539
0 0.9743589743589743 0.5524038461538462 0.05128205128205128 0.07980769230769232
0 0.9754807692307692 0.3012019230769231 0.04903846153846154 0.06586538461538462
0 0.5360576923076923 0.17932692307692308 0.047115384615384615 0.06538461538461539
0 0.6474358974358974 0.6848557692307693 0.04423076923076923 0.08221153846153846
0 0.574198717948718 0.9403846153846155 0.0483974358974359 0.07307692307692308
0 0.8549679487179487 0.7355769230769231 0.06762820512820512 0.0826923076923077
