0 0.6573717948717949 0.215625 0.08333333333333333 0.11778846153846155
0 0.8118589743589744 0.24927884615384616 0.04807692307692308 0.07067307692307692
0 0.9834935897435897 0.3194711538461539 0.03365384615384615 0.06490384615384616
0 0.7541666666666667 0.5524038461538462 0.07756410256410257 0.11153846153846154
0 0.6237179487179487 0.5072115384615384 0.07371794871794872 0.1
0 0.7961538461538462 0.6887019230769231 0.07179487179487179 0.10817307692307693
0 0.8142628205128205 0.6637019230769231 0.07724358974358975 0.09278846153846154
0 0.7354166666666666 0.6418269230769231 0.08173076923076923 0.09134615384615385
0 0.717948717948718 0.7305288461538462 0.07564102564102564 0.09759615384615385
0 0.6772435897435898 0.6930288461538462 0.06987179487179487 0.10625000000000001
0 0.6112179487179488 0.7004807692307693 0.06666666666666667 0.1
0 0.6291666666666667 0.7637019230769231 0.06987179487179487 0.08605769230769231
0 0.5737179487179487 0.6391826923076923 0.07179487179487179 0.10625000000000001
0 0.6141025641025641 0.6348557692307693 0.06153846153846154 0.08798076923076924
0 0.45929487179487183 0.5069711538461539 0.05512820512820513 0.08125
0 0.4834935897435897 0.5067307692307692 0.06185897435897436 0.07500000000000001
0 0.47932692307692304 0.7016826923076923 0.07019230769230769 0.09182692307692308
0 0.3286858974358975 0.7661057692307692 0.041987179487179484 0.06778846153846155
0 0.5267628205128205 0.9625 0.058012820512820515 0.07403846153846154
0 0.1823717948717949 0.2512019230769231 0.05576923076923077 0.06971153846153846
0 0.16682692307692304 0.3211538461538462 0.058012820512820515 0.07788461538461539
0 0.11057692307692313 0.3579326923076923 0.05576923076923077 0.08413461538461539
0 0.14551282051282055 0.5949519230769231 0.05064102564102564 0.08125
0 0.0642628205128205 0.9336538461538462 0.058653846153846154 0.07980769230769232
0 0.11971153846153848 0.9569711538461539 0.049679487179487176 0.07740384615384616
0 0.07035256410256407 0.9745192307692309 0.07083333333333333 0.05
0 0.05737179487179489 0.5305288461538462 0.04871794871794872 0.07259615384615385
0 0.06362179487179487 0.4480769230769231 0.046474358974358976 0.05961538461538462
0 0.06233974358974359 0.2586538461538462 0.04583333333333333 0.058653846153846154
0 0.02612179487179489 0.17115384615384616 0.040705128205128206 0.060576923076923084
0 0.12243589743589745 0.10168269230769231 0.05128205128205128 0.06298076923076923
0 0.07996794871794877 0.19375 0.04455128205128205 0.05961538461538462
0 0.04102564102564099 0.20865384615384616 0.03974358974358974 0.05288461538461539
