0 0.7391025641025641 0.6668269230769232 0.07051282051282051 0.08461538461538462
0 0.7431089743589744 0.7262019230769231 0.06442307692307692 0.06586538461538462
0 0.8092948717948718 0.7336538461538462 0.04935897435897436 0.06730769230769232
0 0.8836538461538461 0.7298076923076924 0.058333333333333334 0.08557692307692308
0 0.842948717948718 0.7466346153846154 0.041666666666666664 0.058653846153846154
0 0.8625 0.8067307692307693 0.04358974358974359 0.06538461538461539
0 0.9592948717948718 0.8622596153846155 0.041666666666666664 0.06298076923076923
0 0.961698717948718 0.671875 0.06185897435897436 0.0716346153846154
0 0.9099358974358974 0.6223557692307693 0.06987179487179487 0.09855769230769232
0 0.9855769230769231 0.5918269230769231 0.029487179487179487 0.08942307692307692
0 0.9836538461538461 0.16610576923076925 0.032692307692307694 0.06298076923076923
