0 0.2810897435897436 0.8103365384615385 0.05576923076923077 0.08125
0 0.2629807692307692 0.8399038461538462 0.058012820512820515 0.08173076923076923
0 0.347275641025641 0.9336538461538462 0.05608974358974359 0.08750000000000001
0 0.3556089743589743 0.9805288461538462 0.061217948717948716 0.03701923076923077
0 0.32980769230769236 0.5317307692307692 0.0532051282051282 0.0826923076923077
0 0.299198717948718 0.5060096153846154 0.05032051282051282 0.06201923076923077
0 0.3931089743589744 0.3512019230769231 0.06442307692307692 0.0889423076923077
0 0.16858974358974355 0.2673076923076923 0.0641025641025641 0.08461538461538462
0 0.1397435897435897 0.2887019230769231 0.052564102564102565 0.07355769230769231
0 0.1217948717948718 0.21802884615384616 0.0641025641025641 0.08605769230769231
0 0.08173076923076927 0.17740384615384616 0.05961538461538462 0.0826923076923077
0 0.2636217948717948 0.1704326923076923 0.061217948717948716 0.08413461538461539
0 0.2743589743589744 0.09134615384615385 0.058333333333333334 0.07884615384615384
