0 0.37932692307692306 0.4641826923076923 0.06634615384615385 0.0889423076923077
0 0.4060897435897436 0.23052884615384617 0.057692307692307696 0.0716346153846154
0 0.66875 0.1860576923076923 0.04006410256410257 0.06538461538461539
0 0.7149038461538462 0.17668269230769232 0.05673076923076923 0.07355769230769231
0 0.761698717948718 0.24735576923076924 0.06057692307692308 0.0764423076923077
0 0.8892628205128206 0.23125 0.07083333333333333 0.07884615384615384
0 0.3091346153846154 0.7992788461538461 0.08685897435897436 0.10336538461538462
0 0.33301282051282055 0.8723557692307693 0.051923076923076926 0.07067307692307692
0 0.41730769230769227 0.9329326923076924 0.06987179487179487 0.10432692307692308
0 0.3487179487179487 0.9651442307692308 0.06538461538461539 0.06875
0 0.2692307692307693 0.9699519230769231 0.05641025641025641 0.057211538461538466
0 0.09294871794871795 0.8985576923076923 0.05512820512820513 0.07980769230769232
0 0.36105769230769236 0.8762019230769231 0.038141025641025644 0.05048076923076923
