0 0.25608974358974357 0.14735576923076923 0.0391025641025641 0.0716346153846154
0 0.2961538461538461 0.6973557692307693 0.05448717948717949 0.06971153846153846
0 0.45625000000000004 0.7122596153846155 0.05416666666666667 0.08509615384615385
0 0.49599358974358976 0.7574519230769231 0.05929487179487179 0.08221153846153846
0 0.4666666666666667 0.83125 0.04807692307692308 0.07211538461538462
0 0.6868589743589744 0.7778846153846154 0.06987179487179487 0.09423076923076923
0 0.8035256410256411 0.6348557692307693 0.0685897435897436 0.0889423076923077
0 0.9067307692307692 0.659375 0.05705128205128205 0.0889423076923077
0 0.6955128205128205 0.4098557692307693 0.07307692307692308 0.10048076923076923
0 0.701602564102564 0.3043269230769231 0.07051282051282051 0.09134615384615385
0 0.4586538461538462 0.284375 0.04807692307692308 0.06586538461538462
0 0.3322115384615385 0.42860576923076926 0.058012820512820515 0.08413461538461539
