0 0.45625000000000004 0.7985576923076924 0.06826923076923076 0.0903846153846154
0 0.59375 0.18990384615384617 0.07019230769230769 0.09807692307692309
0 0.03060897435897436 0.6661057692307693 0.05993589743589744 0.09663461538461539
0 0.26426282051282046 0.5286057692307693 0.05993589743589744 0.0889423076923077
0 0.24230769230769234 0.5774038461538462 0.05128205128205128 0.06538461538461539
0 0.5049679487179487 0.7793269230769231 0.04583333333333333 0.06153846153846154
0 0.6924679487179487 0.8317307692307693 0.05993589743589744 0.11057692307692309
0 0.6330128205128205 0.8562500000000001 0.0685897435897436 0.10384615384615385
0 0.7830128205128205 0.8663461538461539 0.07243589743589744 0.08557692307692308
0 0.6304487179487179 0.2293269230769231 0.046794871794871795 0.0826923076923077
0 0.4703525641025641 0.2850961538461539 0.06698717948717949 0.08557692307692308
