0 0.7399038461538461 0.22235576923076925 0.06057692307692308 0.09471153846153847
0 0.6923076923076923 0.20480769230769233 0.06538461538461539 0.1028846153846154
0 0.6786858974358974 0.290625 0.06698717948717949 0.09086538461538463
0 0.7267628205128205 0.3180288461538462 0.06826923076923076 0.09182692307692308
0 0.6205128205128205 0.37980769230769235 0.04807692307692308 0.07115384615384615
0 0.6604166666666667 0.028605769230769233 0.05673076923076923 0.058173076923076925
0 0.9698717948717949 0.665625 0.05384615384615385 0.09471153846153847
0 0.6373397435897437 0.9430288461538462 0.05673076923076923 0.07548076923076924
0 0.5375 0.9699519230769231 0.046153846153846156 0.058173076923076925
0 0.4491987179487179 0.6468750000000001 0.0625 0.06971153846153846
0 0.16554487179487176 0.728125 0.0516025641025641 0.07836538461538461
