0 0.20176282051282046 0.6555288461538462 0.08685897435897436 0.11778846153846155
0 0.27676282051282053 0.6980769230769232 0.06185897435897436 0.09903846153846155
0 0.2386217948717949 0.7036057692307692 0.05352564102564102 0.08028846153846154
0 0.02596153846153848 0.5016826923076924 0.05128205128205128 0.08605769230769231
0 0.02163461538461542 0.2605769230769231 0.041987179487179484 0.0826923076923077
0 0.20304487179487185 0.1841346153846154 0.05737179487179487 0.07115384615384615
0 0.39727564102564106 0.08870192307692308 0.06442307692307692 0.09278846153846154
0 0.43301282051282053 0.03413461538461539 0.06602564102564103 0.06923076923076923
0 0.29871794871794877 0.10168269230769231 0.07115384615384615 0.10432692307692308
0 0.27371794871794874 0.23942307692307693 0.07948717948717948 0.1076923076923077
0 0.2448717948717949 0.36562500000000003 0.06987179487179487 0.08798076923076924
