0 0.21346153846153848 0.44062500000000004 0.05128205128205128 0.06778846153846155
0 0.21794871794871795 0.4913461538461539 0.06666666666666667 0.07500000000000001
0 0.07916666666666672 0.5805288461538461 0.052564102564102565 0.08028846153846154
0 0.04102564102564099 0.5855769230769231 0.04487179487179487 0.07980769230769232
0 0.05737179487179489 0.5060096153846154 0.05961538461538462 0.06490384615384616
0 0.31682692307692306 0.14879807692307692 0.06698717948717949 0.0889423076923077
0 0.39182692307692313 0.22115384615384617 0.058653846153846154 0.08365384615384616
0 0.39182692307692313 0.7036057692307692 0.06826923076923076 0.09471153846153847
0 0.44310897435897434 0.6699519230769231 0.06826923076923076 0.10817307692307693
0 0.37932692307692306 0.7286057692307693 0.05416666666666667 0.08605769230769231
0 0.27051282051282055 0.8762019230769231 0.0532051282051282 0.07836538461538461
0 0.24471153846153848 0.9350961538461539 0.06378205128205128 0.08365384615384616
0 0.17227564102564108 0.9341346153846154 0.04262820512820513 0.08076923076923077
0 0.12868589743589742 0.940625 0.058653846153846154 0.08317307692307693
0 0.46602564102564104 0.8723557692307693 0.05 0.06298076923076923
0 0.5254807692307693 0.7375 0.06442307692307692 0.08846153846153847
0 0.6435897435897435 0.6512019230769232 0.052564102564102565 0.06778846153846155
0 0.8323717948717949 0.5617788461538462 0.047435897435897434 0.0639423076923077
0 0.8016025641025641 0.4930288461538462 0.04935897435897436 0.06201923076923077
