0 0.27051282051282055 0.10793269230769231 0.046153846153846156 0.058173076923076925
0 0.7516025641025641 0.04927884615384616 0.047435897435897434 0.0716346153846154
0 0.8060897435897436 0.2199519230769231 0.05 0.07451923076923077
0 0.7599358974358974 0.2074519230769231 0.046794871794871795 0.0764423076923077
0 0.7573717948717948 0.28052884615384616 0.04871794871794872 0.08125
0 0.8022435897435898 0.29927884615384615 0.052564102564102565 0.07355769230769231
0 0.6586538461538461 0.5855769230769231 0.04807692307692308 0.06538461538461539
0 0.5491987179487179 0.8788461538461539 0.05737179487179487 0.07500000000000001
0 0.530448717948718 0.9449519230769231 0.04358974358974359 0.0639423076923077
0 0.6955128205128205 0.9516826923076923 0.06538461538461539 0.08509615384615385
0 0.9237179487179488 0.5281250000000001 0.046153846153846156 0.0639423076923077
0 0.8798076923076923 0.6742788461538461 0.04358974358974359 0.06105769230769231
0 0.98125 0.6161057692307693 0.0342948717948718 0.04182692307692308
0 0.8067307692307693 0.5418269230769232 0.03974358974358974 0.05288461538461539
0 0.7942307692307693 0.8324519230769232 0.04807692307692308 0.06971153846153846
0 0.7461538461538462 0.970673076923077 0.05641025641025641 0.057692307692307696
0 0.6017628205128205 0.8536057692307693 0.052884615384615384 0.0764423076923077
0 0.617948717948718 0.5841346153846154 0.03974358974358974 0.0625
