0 0.7099358974358974 0.9600961538461539 0.07564102564102564 0.07307692307692308
0 0.4091346153846154 0.8711538461538462 0.061217948717948716 0.07980769230769232
0 0.35 0.6531250000000001 0.06923076923076923 0.09278846153846154
0 0.32179487179487176 0.6937500000000001 0.07115384615384615 0.1028846153846154
0 0.28221153846153846 0.6461538461538462 0.061217948717948716 0.1076923076923077
0 0.2629807692307692 0.7250000000000001 0.05608974358974359 0.09423076923076923
0 0.28685897435897434 0.7692307692307693 0.05961538461538462 0.07980769230769232
0 0.30849358974358976 0.8435096153846154 0.06442307692307692 0.08509615384615385
0 0.20913461538461542 0.9605769230769231 0.06762820512820512 0.07788461538461539
0 0.6580128205128205 0.8098557692307693 0.0673076923076923 0.09278846153846154
0 0.4717948717948718 0.9430288461538462 0.06987179487179487 0.09759615384615385
0 0.25544871794871793 0.8699519230769232 0.04871794871794872 0.0716346153846154
0 0.19983974358974355 0.8117788461538462 0.04775641025641025 0.08413461538461539
0 0.23926282051282055 0.8161057692307693 0.06057692307692308 0.09278846153846154
