0 0.8967948717948718 0.4074519230769231 0.05641025641025641 0.08413461538461539
0 0.9447115384615384 0.45625000000000004 0.05480769230769231 0.08365384615384616
0 0.9004807692307693 0.4637019230769231 0.052884615384615384 0.08028846153846154
0 0.7905448717948718 0.9375 0.0516025641025641 0.07596153846153847
0 0.7855769230769231 0.9812500000000001 0.05512820512820513 0.03653846153846154
0 0.604326923076923 0.9281250000000001 0.058012820512820515 0.07355769230769231
0 0.5224358974358974 0.9605769230769231 0.058333333333333334 0.07692307692307693
0 0.8841346153846154 0.1605769230769231 0.052243589743589745 0.08365384615384616
0 0.8479166666666667 0.1449519230769231 0.04326923076923077 0.07548076923076924
0 0.9461538461538461 0.20480769230769233 0.057692307692307696 0.07211538461538462
