0 0.7467948717948718 0.24927884615384616 0.046794871794871795 0.06778846153846155
0 0.7955128205128206 0.25817307692307695 0.05128205128205128 0.07115384615384615
0 0.7935897435897437 0.33100961538461543 0.05064102564102564 0.07067307692307692
0 0.7455128205128205 0.3137019230769231 0.046153846153846156 0.0716346153846154
0 0.7548076923076923 0.10480769230769231 0.04551282051282051 0.06634615384615385
0 0.7866987179487179 0.02235576923076923 0.0516025641025641 0.04471153846153846
0 0.7147435897435898 0.029326923076923077 0.046153846153846156 0.051923076923076926
0 0.34375 0.18485576923076924 0.041346153846153845 0.057211538461538466
0 0.5524038461538461 0.9668269230769231 0.061217948717948716 0.06538461538461539
0 0.5761217948717949 0.8668269230769231 0.04391025641025641 0.0826923076923077
0 0.5493589743589744 0.6848557692307693 0.05641025641025641 0.08125
0 0.5267628205128205 0.8975961538461539 0.055448717948717946 0.08557692307692308
0 0.8099358974358974 0.8360576923076923 0.046153846153846156 0.07019230769230769
0 0.6705128205128206 0.5997596153846154 0.04230769230769231 0.06201923076923077
0 0.6998397435897437 0.5918269230769231 0.04006410256410257 0.06153846153846154
