0 0.40625 0.5074519230769231 0.06891025641025642 0.09278846153846154
0 0.20016025641025642 0.9543269230769231 0.08621794871794872 0.08942307692307692
0 0.2296474358974359 0.8668269230769231 0.08301282051282051 0.10865384615384616
0 0.30272435897435895 0.9036057692307693 0.08237179487179487 0.09471153846153847
0 0.5644230769230769 0.8838942307692308 0.0673076923076923 0.09375
0 0.1032051282051282 0.17668269230769232 0.07435897435897436 0.11105769230769232
0 0.23125 0.6060096153846154 0.07596153846153846 0.11009615384615386
0 0.30641025641025643 0.6555288461538462 0.08205128205128205 0.11201923076923077
0 0.2794871794871795 0.6699519230769231 0.057692307692307696 0.10721153846153847
0 0.9357371794871795 0.5694711538461539 0.04262820512820513 0.06490384615384616
0 0.9158653846153846 0.5855769230769231 0.041987179487179484 0.05961538461538462
0 0.9350961538461539 0.6997596153846154 0.03365384615384615 0.05432692307692308
0 0.9588141025641026 0.7324519230769231 0.046474358974358976 0.06586538461538462
