0 0.2419871794871795 0.6762019230769231 0.07051282051282051 0.10528846153846154
0 0.39887820512820515 0.6786057692307693 0.052243589743589745 0.08605769230769231
0 0.45256410256410257 0.9079326923076924 0.058333333333333334 0.08028846153846154
0 0.42580128205128204 0.8975961538461539 0.06057692307692308 0.08557692307692308
0 0.477724358974359 0.9437500000000001 0.05929487179487179 0.08846153846153847
0 0.5576923076923077 0.8098557692307693 0.05576923076923077 0.09086538461538463
0 0.513301282051282 0.7230769230769232 0.06698717948717949 0.10480769230769231
0 0.6076923076923076 0.603125 0.058333333333333334 0.09471153846153847
0 0.8083333333333333 0.325 0.057692307692307696 0.07980769230769232
0 0.8469551282051282 0.309375 0.05929487179487179 0.0889423076923077
0 0.22387820512820514 0.7305288461538462 0.06891025641025642 0.10336538461538462
0 0.275 0.7680288461538461 0.05128205128205128 0.07836538461538461
