0 0.5926282051282051 0.8442307692307692 0.09038461538461538 0.1432692307692308
0 0.48830128205128204 0.8848557692307693 0.09455128205128205 0.1485576923076923
0 0.11073717948717948 0.8855769230769232 0.0919871794871795 0.14711538461538462
0 0.1857371794871795 0.65 0.09711538461538462 0.16923076923076924
0 0.05897435897435897 0.6524038461538462 0.0967948717948718 0.13653846153846155
0 0.8943910256410257 0.44375000000000003 0.10993589743589743 0.15673076923076923
0 0.8044871794871795 0.4641826923076923 0.10384615384615385 0.13413461538461538
0 0.6519230769230769 0.8524038461538462 0.07628205128205129 0.1423076923076923
0 0.5727564102564102 0.9105769230769232 0.07948717948717948 0.12596153846153846
0 0.10256410256410256 0.6992788461538462 0.10192307692307692 0.1466346153846154
0 0.15705128205128205 0.7524038461538461 0.09294871794871795 0.13461538461538464
0 0.27516025641025643 0.640625 0.08878205128205129 0.12548076923076923
0 0.583173076923077 0.7199519230769231 0.09391025641025641 0.14278846153846156
0 0.657051282051282 0.7262019230769231 0.08782051282051281 0.12740384615384617
0 0.5 0.7379807692307693 0.08653846153846154 0.13846153846153847
