0 0.24326923076923077 0.5425480769230769 0.05641025641025641 0.0764423076923077
0 0.2689102564102564 0.608173076923077 0.052564102564102565 0.060576923076923084
0 0.2939102564102564 0.7685096153846154 0.052564102564102565 0.06875
0 0.046314102564102566 0.5072115384615384 0.041987179487179484 0.0625
0 0.1596153846153846 0.1860576923076923 0.046794871794871795 0.06730769230769232
0 0.27147435897435895 0.035576923076923075 0.052564102564102565 0.07211538461538462
0 0.23205128205128206 0.6786057692307693 0.05 0.06682692307692308
0 0.0889423076923077 0.6675480769230769 0.05480769230769231 0.07932692307692309
0 0.060897435897435896 0.7418269230769231 0.05064102564102564 0.07019230769230769
0 0.23333333333333334 0.7762019230769232 0.052564102564102565 0.06875
0 0.1971153846153846 0.5281250000000001 0.04807692307692308 0.06971153846153846
0 0.2988782051282051 0.9024038461538462 0.047115384615384615 0.06538461538461539
0 0.02580128205128205 0.44038461538461543 0.038141025641025644 0.060576923076923084
0 0.014423076923076924 0.3375 0.02564102564102564 0.058653846153846154
0 0.18461538461538463 0.5918269230769231 0.04038461538461539 0.06153846153846154
0 0.35881410256410257 0.93125 0.041346153846153845 0.06538461538461539
0 0.3171474358974359 0.9324519230769232 0.04326923076923077 0.0639423076923077
0 0.20512820512820512 0.7086538461538462 0.051923076923076926 0.06346153846153846
