0 0.9165064102564102 0.34375 0.040705128205128206 0.06538461538461539
0 0.8290064102564103 0.48629807692307697 0.052243589743589745 0.07451923076923077
0 0.7596153846153846 0.34687500000000004 0.04807692307692308 0.06875
0 0.8745192307692308 0.45240384615384616 0.04583333333333333 0.0625
0 0.8006410256410257 0.6355769230769232 0.03974358974358974 0.06153846153846154
0 0.6657051282051282 0.3942307692307693 0.04038461538461539 0.058653846153846154
0 0.6389423076923076 0.3949519230769231 0.03108974358974359 0.04855769230769231
0 0.7650641025641025 0.6319711538461539 0.038461538461538464 0.052403846153846155
0 0.638301282051282 0.07740384615384616 0.041346153846153845 0.057692307692307696
0 0.6762820512820513 0.08485576923076923 0.0391025641025641 0.05625
0 0.8232371794871794 0.12307692307692308 0.041987179487179484 0.060576923076923084
0 0.5075320512820513 0.07427884615384615 0.04455128205128205 0.0639423076923077
0 0.6490384615384616 0.22427884615384616 0.038461538461538464 0.05432692307692308
0 0.596474358974359 0.1810096153846154 0.03782051282051282 0.05625
