0 0.7607371794871794 0.5336538461538461 0.06506410256410257 0.1028846153846154
0 0.7677884615384616 0.42115384615384616 0.06378205128205128 0.10961538461538461
0 0.6764423076923077 0.565625 0.05737179487179487 0.0889423076923077
0 0.4325320512820513 0.7543269230769232 0.06185897435897436 0.08653846153846154
0 0.4357371794871795 0.8617788461538463 0.05993589743589744 0.08413461538461539
0 0.31522435897435896 0.8117788461538462 0.06442307692307692 0.08413461538461539
0 0.6376602564102564 0.6125 0.06698717948717949 0.0951923076923077
0 0.9150641025641025 0.49110576923076926 0.051923076923076926 0.07932692307692309
0 0.7163461538461539 0.5610576923076923 0.03974358974358974 0.06826923076923078
0 0.563301282051282 0.4528846153846154 0.05929487179487179 0.08365384615384616
0 0.5402243589743589 0.5442307692307693 0.06314102564102564 0.09326923076923077
