0 0.9483974358974359 0.37980769230769235 0.051923076923076926 0.07307692307692308
0 0.7951923076923076 0.2355769230769231 0.04871794871794872 0.07019230769230769
0 0.6019230769230769 0.4605769230769231 0.041025641025641026 0.060576923076923084
0 0.6395833333333333 0.6843750000000001 0.041346153846153845 0.05625
0 0.4951923076923077 0.7055288461538461 0.04935897435897436 0.06105769230769231
0 0.5540064102564103 0.7824519230769231 0.04583333333333333 0.06682692307692308
0 0.575 0.7824519230769231 0.03974358974358974 0.06490384615384616
0 0.583173076923077 0.4168269230769231 0.03621794871794872 0.05673076923076924
0 0.5596153846153846 0.14302884615384617 0.047435897435897434 0.06778846153846155
0 0.33589743589743587 0.08990384615384615 0.046153846153846156 0.06730769230769232
0 0.17836538461538462 0.9 0.05032051282051282 0.07019230769230769
0 0.43028846153846156 0.7935096153846154 0.03685897435897436 0.05625
0 0.657051282051282 0.6961538461538462 0.03012820512820513 0.05480769230769231
0 0.5540064102564103 0.5949519230769231 0.04583333333333333 0.057211538461538466
0 0.9533653846153847 0.2899038461538462 0.0516025641025641 0.06730769230769232
0 0.5971153846153846 0.1435096153846154 0.04935897435897436 0.07548076923076924
0 0.7564102564102564 0.07067307692307692 0.058333333333333334 0.08557692307692308
0 0.6727564102564103 0.07235576923076924 0.05512820512820513 0.05913461538461539
0 0.19759615384615384 0.7360576923076924 0.05993589743589744 0.08365384615384616
0 0.14262820512820512 0.9350961538461539 0.047435897435897434 0.07307692307692308
0 0.07948717948717948 0.6716346153846154 0.04935897435897436 0.07500000000000001
