0 0.5857371794871795 0.26490384615384616 0.05608974358974359 0.08846153846153847
0 0.6807692307692308 0.16610576923076925 0.05 0.07548076923076924
0 0.7150641025641026 0.6062500000000001 0.04807692307692308 0.07403846153846154
0 0.8733974358974359 0.7560096153846154 0.051923076923076926 0.07451923076923077
0 0.9770833333333333 0.6711538461538462 0.04455128205128205 0.07019230769230769
0 0.5370192307692307 0.8399038461538462 0.04455128205128205 0.06730769230769232
0 0.18012820512820513 0.4185096153846154 0.05705128205128205 0.07932692307692309
0 0.446474358974359 0.49423076923076925 0.051923076923076926 0.07403846153846154
0 0.49375 0.49927884615384616 0.0516025641025641 0.08221153846153846
0 0.41073717948717947 0.27043269230769235 0.052884615384615384 0.08413461538461539
0 0.4094551282051282 0.036778846153846155 0.04775641025641025 0.0716346153846154
0 0.6557692307692308 0.4278846153846154 0.04038461538461539 0.06634615384615385
0 0.6758012820512821 0.4449519230769231 0.04583333333333333 0.07548076923076924
0 0.521474358974359 0.7937500000000001 0.046153846153846156 0.06442307692307693
0 0.64375 0.3317307692307693 0.05352564102564102 0.07884615384615384
0 0.6064102564102564 0.6555288461538462 0.041666666666666664 0.05336538461538462
