0 0.37948717948717947 0.8478365384615385 0.057692307692307696 0.09375
0 0.4426282051282051 0.6555288461538462 0.057692307692307696 0.08798076923076924
0 0.4594551282051282 0.9375 0.061217948717948716 0.08653846153846154
0 0.36201923076923076 0.9617788461538462 0.06057692307692308 0.07451923076923077
0 0.4115384615384615 0.9605769230769231 0.04935897435897436 0.06346153846153846
0 0.31314102564102564 0.9375 0.05128205128205128 0.06730769230769232
0 0.321474358974359 0.4711538461538462 0.051923076923076926 0.07307692307692308
0 0.12083333333333333 0.17115384615384616 0.05 0.08846153846153847
0 0.2956730769230769 0.04182692307692308 0.06955128205128205 0.08461538461538462
0 0.21955128205128205 0.5199519230769231 0.04423076923076923 0.0639423076923077
0 0.37387820512820513 0.9165865384615385 0.05480769230769231 0.05432692307692308
0 0.35625 0.65 0.0516025641025641 0.07980769230769232
0 0.4264423076923077 0.7817307692307692 0.0516025641025641 0.06826923076923078
0 0.39134615384615384 0.6762019230769231 0.04423076923076923 0.0639423076923077
0 0.2676282051282051 0.10432692307692308 0.05448717948717949 0.07980769230769232
0 0.5288461538461539 0.5480769230769231 0.0 0.0009615384615384616
