0 0.9512820512820512 0.6735576923076924 0.046153846153846156 0.07403846153846154
0 0.9363782051282051 0.8180288461538462 0.04455128205128205 0.07067307692307692
0 0.9626602564102564 0.7935096153846154 0.040705128205128206 0.06201923076923077
0 0.9008012820512821 0.7661057692307692 0.040705128205128206 0.057211538461538466
0 0.9381410256410256 0.4413461538461539 0.04871794871794872 0.07307692307692308
0 0.7520833333333333 0.3387019230769231 0.061217948717948716 0.08125
0 0.7639423076923076 0.5637019230769231 0.040705128205128206 0.06298076923076923
0 0.9564102564102565 0.027884615384615386 0.0532051282051282 0.05673076923076924
0 0.12772435897435896 0.5461538461538462 0.0375 0.049038461538461545
0 0.15528846153846154 0.5516826923076923 0.03878205128205128 0.06201923076923077
0 0.040865384615384616 0.3887019230769231 0.03621794871794872 0.05336538461538462
0 0.11650641025641026 0.32860576923076923 0.038141025641025644 0.05336538461538462
0 0.010096153846153847 0.1028846153846154 0.020192307692307693 0.05673076923076924
0 0.06330128205128205 0.39375000000000004 0.027243589743589744 0.046153846153846156
0 0.7201923076923077 0.3699519230769231 0.04807692307692308 0.06778846153846155
