0 0.7495192307692308 0.5555288461538462 0.041987179487179484 0.06490384615384616
0 0.763301282051282 0.4168269230769231 0.04519230769230769 0.06730769230769232
0 0.5820512820512821 0.11490384615384616 0.05705128205128205 0.07500000000000001
0 0.583173076923077 0.3168269230769231 0.0375 0.05673076923076924
0 0.7519230769230769 0.20625000000000002 0.04487179487179487 0.07211538461538462
0 0.7144230769230769 0.5055288461538462 0.03974358974358974 0.05432692307692308
0 0.9501602564102564 0.48750000000000004 0.04775641025641025 0.06730769230769232
0 0.9814102564102564 0.6536057692307693 0.03653846153846154 0.06105769230769231
0 0.7738782051282052 0.5293269230769231 0.038141025641025644 0.06153846153846154
0 0.5464743589743589 0.1375 0.04935897435897436 0.06346153846153846
0 0.8988782051282052 0.3425480769230769 0.041346153846153845 0.052403846153846155
