0 0.6714743589743589 0.3836538461538462 0.046153846153846156 0.06730769230769232
0 0.6745192307692308 0.2387019230769231 0.04583333333333333 0.07259615384615385
0 0.8589743589743589 0.29423076923076924 0.04487179487179487 0.06826923076923078
0 0.9732371794871795 0.3367788461538462 0.046474358974358976 0.06201923076923077
0 0.9296474358974359 0.3824519230769231 0.05352564102564102 0.06586538461538462
0 0.9538461538461539 0.33605769230769234 0.04487179487179487 0.07019230769230769
0 0.8157051282051282 0.15673076923076923 0.046153846153846156 0.06634615384615385
0 0.8469551282051282 0.1512019230769231 0.04006410256410257 0.06490384615384616
0 0.47708333333333336 0.14110576923076923 0.03878205128205128 0.06201923076923077
0 0.4576923076923077 0.37235576923076924 0.05384615384615385 0.06682692307692308
0 0.6264423076923077 0.3336538461538462 0.041987179487179484 0.05673076923076924
0 0.694551282051282 0.35360576923076925 0.03653846153846154 0.057211538461538466
