0 0.4844551282051282 0.3492788461538462 0.06314102564102564 0.07836538461538461
0 0.5040064102564102 0.6637019230769231 0.0483974358974359 0.07259615384615385
0 0.4407051282051282 0.6836538461538462 0.06025641025641026 0.07884615384615384
0 0.5820512820512821 0.8661057692307693 0.05705128205128205 0.08221153846153846
0 0.8126602564102564 0.9317307692307693 0.05096153846153846 0.07692307692307693
0 0.9282051282051282 0.9274038461538462 0.05961538461538462 0.08365384615384616
0 0.32211538461538464 0.46490384615384617 0.07115384615384615 0.10480769230769231
0 0.5169871794871795 0.553125 0.05641025641025641 0.07355769230769231
0 0.2863782051282051 0.7512019230769231 0.06185897435897436 0.09855769230769232
0 0.2264423076923077 0.7543269230769232 0.061217948717948716 0.08461538461538462
0 0.2657051282051282 0.5930288461538462 0.06282051282051282 0.08798076923076924
0 0.538301282051282 0.6805288461538462 0.058012820512820515 0.08605769230769231
0 0.846474358974359 0.9548076923076924 0.05064102564102564 0.07884615384615384
