0 0.9857371794871795 0.2949519230769231 0.027884615384615386 0.08028846153846154
0 0.9346153846153846 0.7125 0.04935897435897436 0.07500000000000001
0 0.6064102564102564 0.83125 0.0673076923076923 0.09807692307692309
0 0.569551282051282 0.9555288461538463 0.05641025641025641 0.08028846153846154
0 0.7557692307692307 0.184375 0.05128205128205128 0.07548076923076924
0 0.7413461538461539 0.109375 0.04935897435897436 0.07836538461538461
0 0.646474358974359 0.21875 0.04487179487179487 0.06730769230769232
0 0.7264423076923077 0.2675480769230769 0.041346153846153845 0.06105769230769231
0 0.2950320512820513 0.8149038461538461 0.0625 0.09615384615384616
0 0.9701923076923077 0.8942307692307693 0.04807692307692308 0.06634615384615385
0 0.9107371794871795 0.940625 0.041987179487179484 0.06971153846153846
0 0.9076923076923077 0.8762019230769231 0.04423076923076923 0.0639423076923077
0 0.8814102564102564 0.8 0.04294871794871795 0.057692307692307696
