0 0.907051282051282 0.6754807692307693 0.06474358974358975 0.09903846153846155
0 0.860897435897436 0.7098557692307693 0.0641025641025641 0.10817307692307693
0 0.7171474358974359 0.7211538461538461 0.061217948717948716 0.1
0 0.8001602564102565 0.7473557692307693 0.058653846153846154 0.09182692307692308
0 0.8552884615384615 0.8605769230769231 0.05673076923076923 0.08653846153846154
0 0.9439102564102564 0.9382211538461539 0.05064102564102564 0.08125
0 0.7708333333333334 0.9593750000000001 0.05 0.08028846153846154
0 0.6413461538461539 0.9442307692307693 0.05641025641025641 0.07692307692307693
0 0.6238782051282051 0.8661057692307693 0.052243589743589745 0.07932692307692309
0 0.5669871794871795 0.7000000000000001 0.06666666666666667 0.10480769230769231
0 0.521474358974359 0.7629807692307693 0.06474358974358975 0.08365384615384616
0 0.4594551282051282 0.7781250000000001 0.06762820512820512 0.09663461538461539
0 0.8613782051282052 0.7762019230769232 0.07211538461538461 0.10144230769230769
0 0.7408653846153846 0.11875000000000001 0.061217948717948716 0.08750000000000001
0 0.84375 0.12620192307692307 0.05480769230769231 0.08221153846153846
0 0.8051282051282052 0.15432692307692308 0.047435897435897434 0.08653846153846154
0 0.9540064102564103 0.3012019230769231 0.05480769230769231 0.09471153846153847
0 0.9290064102564103 0.39110576923076923 0.05480769230769231 0.08509615384615385
0 0.9019230769230769 0.5747596153846154 0.075 0.11009615384615386
0 0.8857371794871794 0.39735576923076926 0.05352564102564102 0.08125
0 0.7669871794871795 0.6274038461538461 0.0685897435897436 0.0951923076923077
0 0.5113782051282051 0.6742788461538461 0.05416666666666667 0.08605769230769231
0 0.8137820512820513 0.9629807692307693 0.046153846153846156 0.07019230769230769
0 0.9158653846153846 0.30360576923076926 0.05416666666666667 0.07932692307692309
