0 0.763301282051282 0.5423076923076924 0.07403846153846154 0.10480769230769231
0 0.8650641025641026 0.4242788461538462 0.06987179487179487 0.09471153846153847
0 0.9163461538461538 0.4480769230769231 0.06987179487179487 0.09903846153846155
0 0.48509615384615384 0.16730769230769232 0.05480769230769231 0.08173076923076923
0 0.5296474358974359 0.18052884615384615 0.06506410256410257 0.09375
0 0.5671474358974359 0.3774038461538462 0.06634615384615385 0.0951923076923077
0 0.3852564102564103 0.6975961538461539 0.052564102564102565 0.07500000000000001
0 0.38125 0.875 0.049679487179487176 0.07500000000000001
0 0.26153846153846155 0.3009615384615385 0.06474358974358975 0.09807692307692309
0 0.20448717948717948 0.309375 0.05705128205128205 0.08413461538461539
0 0.21634615384615385 0.13942307692307693 0.06217948717948718 0.09326923076923077
0 0.44134615384615383 0.21057692307692308 0.058333333333333334 0.08653846153846154
0 0.5301282051282051 0.05 0.05961538461538462 0.08653846153846154
0 0.07692307692307693 0.5586538461538462 0.05128205128205128 0.07403846153846154
