0 0.11826923076923077 0.2560096153846154 0.06538461538461539 0.10048076923076923
0 0.058333333333333334 0.26177884615384617 0.05512820512820513 0.09278846153846154
0 0.08397435897435897 0.3055288461538462 0.05128205128205128 0.0889423076923077
0 0.10016025641025642 0.45240384615384616 0.05993589743589744 0.08846153846153847
0 0.41394230769230766 0.8043269230769231 0.061217948717948716 0.0903846153846154
0 0.6490384615384616 0.9656250000000001 0.06666666666666667 0.06778846153846155
0 0.7939102564102564 0.7317307692307693 0.075 0.10961538461538461
0 0.6339743589743589 0.6197115384615385 0.07371794871794872 0.10192307692307692
0 0.6701923076923076 0.696875 0.0532051282051282 0.07836538461538461
0 0.600801282051282 0.6903846153846154 0.06570512820512821 0.1
