0 0.846474358974359 0.3028846153846154 0.05128205128205128 0.08365384615384616
0 0.9596153846153846 0.20985576923076923 0.047435897435897434 0.07836538461538461
0 0.732051282051282 0.1625 0.0532051282051282 0.07884615384615384
0 0.4913461538461538 0.08293269230769232 0.05576923076923077 0.08317307692307693
0 0.41955128205128206 0.30985576923076924 0.04551282051282051 0.07067307692307692
0 0.3282051282051282 0.44567307692307695 0.04487179487179487 0.06826923076923078
0 0.33637820512820515 0.6528846153846154 0.041987179487179484 0.0625
0 0.5820512820512821 0.7788461538461539 0.04807692307692308 0.07307692307692308
0 0.625801282051282 0.7805288461538462 0.046474358974358976 0.07259615384615385
0 0.6508012820512821 0.5836538461538462 0.041987179487179484 0.06538461538461539
0 0.6307692307692307 0.43173076923076925 0.046153846153846156 0.06538461538461539
0 0.3032051282051282 0.06682692307692308 0.05064102564102564 0.07307692307692308
0 0.16891025641025642 0.03245192307692308 0.04294871794871795 0.06298076923076923
0 0.4439102564102564 0.08870192307692308 0.04487179487179487 0.0716346153846154
0 0.029487179487179487 0.8617788461538463 0.057692307692307696 0.06778846153846155
0 0.03012820512820513 0.9036057692307693 0.04935897435897436 0.06105769230769231
0 0.6415064102564103 0.3887019230769231 0.04391025641025641 0.05336538461538462
0 0.5846153846153846 0.7012019230769231 0.05128205128205128 0.06971153846153846
0 0.6620192307692307 0.025 0.04775641025641025 0.05
0 0.7145833333333333 0.018750000000000003 0.05352564102564102 0.037500000000000006
