0 0.2725961538461538 0.4918269230769231 0.03685897435897436 0.046153846153846156
0 0.43814102564102564 0.5716346153846155 0.03717948717948718 0.0625
0 0.45208333333333334 0.5211538461538462 0.04006410256410257 0.051923076923076926
0 0.4407051282051282 0.41802884615384617 0.03012820512820513 0.0514423076923077
0 0.40897435897435896 0.29735576923076923 0.03653846153846154 0.05336538461538462
0 0.035737179487179485 0.34423076923076923 0.03621794871794872 0.049038461538461545
0 0.42451923076923076 0.9653846153846154 0.030448717948717948 0.04423076923076923
0 0.6575320512820513 0.9685096153846154 0.03685897435897436 0.04567307692307693
0 0.6790064102564103 0.9887019230769232 0.03365384615384615 0.021634615384615384
0 0.6977564102564102 0.8586538461538462 0.03205128205128205 0.04326923076923077
0 0.8450320512820513 0.7473557692307693 0.035576923076923075 0.04567307692307693
0 0.8594551282051281 0.7262019230769231 0.033012820512820513 0.04471153846153846
0 0.49262820512820515 0.12812500000000002 0.01730769230769231 0.03125
0 0.48509615384615384 0.1423076923076923 0.01955128205128205 0.03076923076923077
0 0.5402243589743589 0.17548076923076925 0.022756410256410255 0.032692307692307694
0 0.33637820512820515 0.3805288461538462 0.03108974358974359 0.04278846153846154
0 0.2514423076923077 0.047355769230769236 0.028525641025641025 0.040865384615384616
