0 0.6575320512820513 0.32259615384615387 0.06185897435897436 0.10384615384615385
0 0.79375 0.3293269230769231 0.058012820512820515 0.09615384615384616
0 0.7775641025641026 0.44254807692307696 0.05128205128205128 0.07355769230769231
0 0.80625 0.4444711538461539 0.041346153846153845 0.07259615384615385
0 0.5426282051282051 0.14423076923076925 0.05897435897435897 0.1
0 0.58125 0.09062500000000001 0.06506410256410257 0.11105769230769232
0 0.6915064102564102 0.296875 0.041346153846153845 0.07548076923076924
0 0.39647435897435895 0.5254807692307693 0.060897435897435896 0.09134615384615385
0 0.43012820512820515 0.6074519230769231 0.0641025641025641 0.09471153846153847
0 0.5296474358974359 0.6161057692307693 0.05480769230769231 0.06682692307692308
0 0.6137820512820513 0.7310096153846154 0.060897435897435896 0.08990384615384615
0 0.4733974358974359 0.7485576923076923 0.07051282051282051 0.10961538461538461
0 0.24775641025641026 0.9387019230769231 0.07756410256410257 0.09855769230769232
0 0.1814102564102564 0.9117788461538462 0.06474358974358975 0.09471153846153847
0 0.1814102564102564 0.9774038461538462 0.10512820512820513 0.04230769230769231
0 0.3838141025641026 0.5673076923076923 0.06762820512820512 0.1028846153846154
0 0.3919871794871795 0.45793269230769235 0.05576923076923077 0.07451923076923077
