0 0.06939102564102564 0.14783653846153846 0.05480769230769231 0.09182692307692308
0 0.11330128205128205 0.171875 0.033012820512820513 0.04759615384615385
0 0.2602564102564103 0.14302884615384617 0.05641025641025641 0.0889423076923077
0 0.2939102564102564 0.047355769230769236 0.07179487179487179 0.09086538461538463
0 0.0907051282051282 0.03173076923076923 0.04487179487179487 0.06346153846153846
0 0.1282051282051282 0.078125 0.05705128205128205 0.09086538461538463
0 0.14326923076923076 0.018509615384615385 0.041666666666666664 0.037980769230769235
0 0.5532051282051282 0.45048076923076924 0.05705128205128205 0.08750000000000001
0 0.6471153846153846 0.6742788461538461 0.046153846153846156 0.06682692307692308
0 0.7769230769230769 0.696875 0.05641025641025641 0.08125
0 0.8201923076923077 0.7473557692307693 0.06217948717948718 0.09567307692307693
0 0.6512820512820513 0.7949519230769231 0.06025641025641026 0.07451923076923077
0 0.8514423076923077 0.8355769230769231 0.04583333333333333 0.08653846153846154
0 0.7488782051282051 0.7841346153846154 0.0625 0.07692307692307693
