0 0.27387820512820515 0.8074519230769232 0.05608974358974359 0.07451923076923077
0 0.6995192307692307 0.9574519230769232 0.07275641025641026 0.08413461538461539
0 0.7594551282051282 0.967548076923077 0.05929487179487179 0.0639423076923077
0 0.9469551282051282 0.7668269230769231 0.07596153846153846 0.09615384615384616
0 0.9613782051282052 0.8165865384615385 0.06057692307692308 0.08125
0 0.9552884615384616 0.9774038461538462 0.05673076923076923 0.04326923076923077
0 0.5950320512820513 0.45504807692307697 0.05416666666666667 0.0764423076923077
0 0.5825320512820513 0.5817307692307693 0.07275641025641026 0.08942307692307692
0 0.895673076923077 0.21610576923076924 0.05993589743589744 0.06875
0 0.9419871794871795 0.2586538461538462 0.05576923076923077 0.08076923076923077
