0 0.6445512820512821 0.4449519230769231 0.07884615384615384 0.11105769230769232
0 0.6532051282051282 0.5180288461538461 0.07115384615384615 0.10144230769230769
0 0.6926282051282051 0.5480769230769231 0.06987179487179487 0.10961538461538461
0 0.5669871794871795 0.5574519230769232 0.07243589743589744 0.10336538461538462
0 0.5365384615384615 0.48173076923076924 0.08461538461538462 0.11153846153846154
0 0.5482371794871795 0.31490384615384615 0.06826923076923076 0.12211538461538463
0 0.5951923076923077 0.3262019230769231 0.07628205128205129 0.13028846153846155
0 0.6201923076923077 0.16490384615384615 0.08653846153846154 0.12115384615384617
0 0.6256410256410256 0.046153846153846156 0.0673076923076923 0.09230769230769231
0 0.7076923076923077 0.13052884615384616 0.07115384615384615 0.11778846153846155
0 0.6846153846153846 0.19447115384615385 0.07435897435897436 0.10625000000000001
0 0.7533653846153846 0.14423076923076925 0.06314102564102564 0.125
0 0.8365384615384616 0.31177884615384616 0.06346153846153846 0.10913461538461539
0 0.888301282051282 0.3110576923076923 0.0625 0.10480769230769231
0 0.969551282051282 0.26177884615384617 0.04358974358974359 0.07836538461538461
0 0.28525641025641024 0.22043269230769233 0.07307692307692308 0.11875000000000001
0 0.3019230769230769 0.33052884615384615 0.05641025641025641 0.09182692307692308
0 0.33397435897435895 0.30312500000000003 0.0641025641025641 0.11105769230769232
0 0.290224358974359 0.047355769230769236 0.07916666666666666 0.09567307692307693
0 0.36506410256410254 0.02668269230769231 0.07115384615384615 0.05432692307692308
0 0.33205128205128204 0.09110576923076924 0.08653846153846154 0.11009615384615386
