0 0.6490384615384616 0.15552884615384616 0.04807692307692308 0.0764423076923077
0 0.6044871794871794 0.16442307692307692 0.047435897435897434 0.07115384615384615
0 0.6044871794871794 0.2762019230769231 0.058333333333333334 0.08125
0 0.5333333333333333 0.2673076923076923 0.047435897435897434 0.07211538461538462
0 0.5075320512820513 0.4137019230769231 0.07596153846153846 0.09663461538461539
0 0.45753205128205127 0.43173076923076925 0.07083333333333333 0.0951923076923077
0 0.23381410256410257 0.5230769230769231 0.052884615384615384 0.07596153846153847
0 0.2982371794871795 0.47668269230769234 0.055448717948717946 0.07355769230769231
0 0.30464743589743587 0.3168269230769231 0.06570512820512821 0.09615384615384616
0 0.7027243589743589 0.6298076923076923 0.058012820512820515 0.07884615384615384
0 0.7171474358974359 0.5923076923076923 0.06570512820512821 0.07211538461538462
0 0.750801282051282 0.6723557692307692 0.05929487179487179 0.08125
0 0.7919871794871794 0.648798076923077 0.05897435897435897 0.08125
0 0.6943910256410256 0.7574519230769231 0.061217948717948716 0.09086538461538463
0 0.7663461538461539 0.8122596153846154 0.057692307692307696 0.08701923076923078
0 0.9169871794871794 0.842548076923077 0.06217948717948718 0.08605769230769231
