0 0.4639423076923077 0.6418269230769231 0.05480769230769231 0.08750000000000001
0 0.4238782051282051 0.6918269230769231 0.061217948717948716 0.0826923076923077
0 0.402724358974359 0.5355769230769231 0.06570512820512821 0.07692307692307693
0 0.39134615384615384 0.5980769230769231 0.058333333333333334 0.08076923076923077
0 0.08942307692307692 0.6247596153846154 0.04551282051282051 0.06009615384615385
0 0.014423076923076924 0.5617788461538462 0.028846153846153848 0.046634615384615385
0 0.09583333333333334 0.9225961538461539 0.05384615384615385 0.07500000000000001
0 0.40705128205128205 0.9454326923076923 0.075 0.09663461538461539
0 0.4206730769230769 0.9262019230769232 0.058012820512820515 0.08990384615384615
0 0.5152243589743589 0.9211538461538462 0.06570512820512821 0.0826923076923077
0 0.8788461538461538 0.5730769230769232 0.06794871794871794 0.0826923076923077
0 0.9014423076923077 0.5129807692307693 0.06057692307692308 0.09326923076923077
0 0.9296474358974359 0.7704326923076924 0.0625 0.08701923076923078
0 0.7995192307692308 0.40048076923076925 0.06506410256410257 0.08076923076923077
0 0.7783653846153846 0.44423076923076926 0.06826923076923076 0.0903846153846154
0 0.7637820512820512 0.3336538461538462 0.06602564102564103 0.09230769230769231
0 0.7370192307692308 0.27187500000000003 0.0483974358974359 0.06586538461538462
0 0.6714743589743589 0.2980769230769231 0.06987179487179487 0.09711538461538462
0 0.6538461538461539 0.3824519230769231 0.04230769230769231 0.06201923076923077
0 0.5801282051282052 0.08822115384615385 0.04935897435897436 0.06875
0 0.5701923076923077 0.12620192307692307 0.06346153846153846 0.0764423076923077
0 0.24759615384615385 0.02548076923076923 0.07083333333333333 0.05096153846153846
0 0.04519230769230769 0.7449519230769232 0.032692307692307694 0.0514423076923077
0 0.4544871794871795 0.9742788461538462 0.041666666666666664 0.049519230769230774
