0 0.6325320512820513 0.7348557692307692 0.05993589743589744 0.08028846153846154
0 0.08333333333333333 0.6942307692307693 0.057692307692307696 0.07788461538461539
0 0.11762820512820513 0.6843750000000001 0.052564102564102565 0.08605769230769231
0 0.04519230769230769 0.7637019230769231 0.051923076923076926 0.08413461538461539
0 0.08269230769230769 0.7798076923076923 0.0532051282051282 0.07788461538461539
0 0.7876602564102564 0.09302884615384616 0.0625 0.09567307692307693
0 0.8245192307692307 0.08173076923076923 0.0516025641025641 0.08846153846153847
0 0.8020833333333334 0.15240384615384617 0.06442307692307692 0.08076923076923077
0 0.8794871794871795 0.09423076923076923 0.05448717948717949 0.07115384615384615
0 0.9721153846153846 0.046875 0.05512820512820513 0.07740384615384616
