0 0.24150641025641026 0.5954326923076924 0.07596153846153846 0.14567307692307693
0 0.17580128205128204 0.5485576923076924 0.07211538461538461 0.10384615384615385
0 0.07948717948717948 0.5975961538461538 0.08397435897435897 0.125
0 0.03637820512820513 0.2199519230769231 0.0733974358974359 0.1389423076923077
0 0.1189102564102564 0.2110576923076923 0.08717948717948718 0.12884615384615386
0 0.09439102564102564 0.2867788461538462 0.08685897435897436 0.11971153846153847
0 0.06330128205128205 0.7512019230769231 0.10480769230769231 0.13413461538461538
0 0.05064102564102564 0.8367788461538462 0.10128205128205128 0.1514423076923077
0 0.1625 0.9091346153846155 0.11858974358974358 0.16442307692307692
0 0.14567307692307693 0.7637019230769231 0.08301282051282051 0.13221153846153846
0 0.0919871794871795 0.9286057692307693 0.07948717948717948 0.11971153846153847
