0 0.7189102564102564 0.8103365384615385 0.05576923076923077 0.08125
0 0.7370192307692308 0.8399038461538462 0.058012820512820515 0.08173076923076923
0 0.652724358974359 0.9336538461538462 0.05608974358974359 0.08750000000000001
0 0.6443910256410257 0.9805288461538462 0.061217948717948716 0.03701923076923077
0 0.6701923076923076 0.5317307692307692 0.0532051282051282 0.0826923076923077
0 0.700801282051282 0.5060096153846154 0.05032051282051282 0.06201923076923077
0 0.6068910256410256 0.3512019230769231 0.06442307692307692 0.0889423076923077
0 0.8314102564102565 0.2673076923076923 0.0641025641025641 0.08461538461538462
0 0.8602564102564103 0.2887019230769231 0.052564102564102565 0.07355769230769231
0 0.8782051282051282 0.21802884615384616 0.0641025641025641 0.08605769230769231
0 0.9182692307692307 0.17740384615384616 0.05961538461538462 0.0826923076923077
0 0.7363782051282052 0.1704326923076923 0.061217948717948716 0.08413461538461539
0 0.7256410256410256 0.09134615384615385 0.058333333333333334 0.07884615384615384
