0 0.6206730769230769 0.4641826923076923 0.06634615384615385 0.0889423076923077
0 0.5939102564102564 0.23052884615384617 0.057692307692307696 0.0716346153846154
0 0.33125 0.1860576923076923 0.04006410256410257 0.06538461538461539
0 0.28509615384615383 0.17668269230769232 0.05673076923076923 0.07355769230769231
0 0.23830128205128204 0.24735576923076924 0.06057692307692308 0.0764423076923077
0 0.11073717948717948 0.23125 0.07083333333333333 0.07884615384615384
0 0.6908653846153846 0.7992788461538461 0.08685897435897436 0.10336538461538462
0 0.6669871794871794 0.8723557692307693 0.051923076923076926 0.07067307692307692
0 0.5826923076923077 0.9329326923076924 0.06987179487179487 0.10432692307692308
0 0.6512820512820513 0.9651442307692308 0.06538461538461539 0.06875
0 0.7307692307692307 0.9699519230769231 0.05641025641025641 0.057211538461538466
0 0.907051282051282 0.8985576923076923 0.05512820512820513 0.07980769230769232
0 0.6389423076923076 0.8762019230769231 0.038141025641025644 0.05048076923076923
