0 0.2900641025641026 0.9600961538461539 0.07564102564102564 0.07307692307692308
0 0.5908653846153846 0.8711538461538462 0.061217948717948716 0.07980769230769232
0 0.65 0.6531250000000001 0.06923076923076923 0.09278846153846154
0 0.6782051282051282 0.6937500000000001 0.07115384615384615 0.1028846153846154
0 0.7177884615384615 0.6461538461538462 0.061217948717948716 0.1076923076923077
0 0.7370192307692308 0.7250000000000001 0.05608974358974359 0.09423076923076923
0 0.7131410256410257 0.7692307692307693 0.05961538461538462 0.07980769230769232
0 0.6915064102564102 0.8435096153846154 0.06442307692307692 0.08509615384615385
0 0.7908653846153846 0.9605769230769231 0.06762820512820512 0.07788461538461539
0 0.3419871794871795 0.8098557692307693 0.0673076923076923 0.09278846153846154
0 0.5282051282051282 0.9430288461538462 0.06987179487179487 0.09759615384615385
0 0.7445512820512821 0.8699519230769232 0.04871794871794872 0.0716346153846154
0 0.8001602564102565 0.8117788461538462 0.04775641025641025 0.08413461538461539
0 0.7607371794871794 0.8161057692307693 0.06057692307692308 0.09278846153846154
