0 0.21394230769230768 0.4173076923076923 0.0625 0.09423076923076923
0 0.5971153846153846 0.5036057692307693 0.07179487179487179 0.09278846153846154
0 0.4427884615384615 0.6555288461538462 0.058012820512820515 0.08701923076923078
0 0.41778846153846155 0.7156250000000001 0.0625 0.08798076923076924
0 0.5256410256410257 0.9473557692307693 0.05705128205128205 0.07548076923076924
0 0.16650641025641025 0.31298076923076923 0.05929487179487179 0.09807692307692309
0 0.26330128205128206 0.42860576923076926 0.05352564102564102 0.07836538461538461
0 0.4894230769230769 0.7293269230769232 0.051923076923076926 0.09134615384615385
0 0.5514423076923077 0.8449519230769231 0.06057692307692308 0.10144230769230769
0 0.4982371794871795 0.8348557692307693 0.055448717948717946 0.08028846153846154
0 0.6275641025641026 0.4449519230769231 0.07307692307692308 0.10625000000000001
0 0.6783653846153846 0.4930288461538462 0.05993589743589744 0.07836538461538461
