0 0.500801282051282 0.951923076923077 0.07852564102564102 0.0951923076923077
0 0.944551282051282 0.6560096153846154 0.075 0.11009615384615386
0 0.882051282051282 0.5387019230769231 0.06987179487179487 0.10144230769230769
0 0.4775641025641026 0.5230769230769231 0.06474358974358975 0.08461538461538462
0 0.5221153846153846 0.5473557692307692 0.06474358974358975 0.11009615384615386
0 0.052724358974358974 0.8211538461538462 0.05480769230769231 0.09230769230769231
0 0.09887820512820512 0.875 0.07147435897435897 0.10673076923076924
0 0.1407051282051282 0.6637019230769231 0.07692307692307693 0.10913461538461539
0 0.014423076923076924 0.8185096153846154 0.029487179487179487 0.12259615384615385
0 0.25448717948717947 0.036298076923076926 0.075 0.06875
0 0.35208333333333336 0.04927884615384616 0.06698717948717949 0.09759615384615385
