0 0.44759615384615387 0.6230769230769231 0.05673076923076923 0.08461538461538462
0 0.7445512820512821 0.46875 0.05512820512820513 0.07980769230769232
0 0.7669871794871795 0.4980769230769231 0.05705128205128205 0.08557692307692308
0 0.7939102564102564 0.03990384615384616 0.06923076923076923 0.07980769230769232
0 0.5751602564102564 0.43485576923076924 0.07019230769230769 0.09855769230769232
0 0.5389423076923077 0.4668269230769231 0.06891025641025642 0.1028846153846154
0 0.5801282051282052 0.30673076923076925 0.07307692307692308 0.10480769230769231
0 0.5919871794871795 0.23245192307692308 0.07564102564102564 0.12355769230769231
0 0.39823717948717946 0.46610576923076924 0.0625 0.09567307692307693
0 0.4326923076923077 0.49230769230769234 0.06666666666666667 0.10384615384615385
0 0.43509615384615385 0.353125 0.06570512820512821 0.09759615384615385
0 0.37900641025641024 0.3216346153846154 0.06185897435897436 0.09326923076923077
0 0.2971153846153846 0.4360576923076923 0.06538461538461539 0.09711538461538462
0 0.36698717948717946 0.40793269230769236 0.0685897435897436 0.09567307692307693
0 0.18461538461538463 0.1293269230769231 0.07307692307692308 0.0903846153846154
0 0.1326923076923077 0.15552884615384616 0.07051282051282051 0.10625000000000001
0 0.01266025641025641 0.3091346153846154 0.025961538461538463 0.09615384615384616
0 0.023237179487179488 0.2918269230769231 0.03493589743589744 0.06346153846153846
0 0.7838141025641026 0.3324519230769231 0.058653846153846154 0.09663461538461539
0 0.8501602564102564 0.44927884615384617 0.058653846153846154 0.08701923076923078
