0 0.27516025641025643 0.234375 0.055448717948717946 0.0716346153846154
0 0.021955128205128203 0.598798076923077 0.04455128205128205 0.06201923076923077
0 0.013782051282051282 0.46875 0.027564102564102563 0.06826923076923078
0 0.04823717948717949 0.4600961538461539 0.046474358974358976 0.07115384615384615
0 0.2626602564102564 0.46923076923076923 0.052243589743589745 0.07500000000000001
0 0.022756410256410255 0.9817307692307693 0.046153846153846156 0.035576923076923075
0 0.1076923076923077 0.9656250000000001 0.046794871794871795 0.06778846153846155
0 0.25769230769230766 0.8423076923076923 0.046794871794871795 0.06538461538461539
0 0.41939102564102565 0.7230769230769232 0.046474358974358976 0.06826923076923078
0 0.4165064102564103 0.7692307692307693 0.04455128205128205 0.06442307692307693
0 0.44134615384615383 0.7742788461538462 0.041666666666666664 0.06586538461538462
0 0.4756410256410256 0.8141826923076924 0.051923076923076926 0.07836538461538461
