0 0.10272435897435897 0.06298076923076923 0.06634615384615385 0.09807692307692309
0 0.13814102564102565 0.09543269230769232 0.06602564102564103 0.09375
0 0.2626602564102564 0.23629807692307694 0.06570512820512821 0.10432692307692308
0 0.2983974358974359 0.21610576923076924 0.06474358974358975 0.11105769230769232
0 0.029487179487179487 0.37812500000000004 0.05961538461538462 0.10528846153846154
0 0.06506410256410257 0.35865384615384616 0.06794871794871794 0.0903846153846154
0 0.8751602564102564 0.08052884615384616 0.06185897435897436 0.08990384615384615
0 0.9600961538461539 0.05552884615384616 0.06442307692307692 0.0889423076923077
0 0.8394230769230769 0.4879807692307693 0.058333333333333334 0.08076923076923077
0 0.808974358974359 0.764423076923077 0.06987179487179487 0.10480769230769231
0 0.7477564102564103 0.8012019230769232 0.075 0.08605769230769231
