0 0.37259615384615385 0.5949519230769231 0.0375 0.05432692307692308
0 0.4421474358974359 0.5836538461538462 0.04006410256410257 0.05673076923076924
0 0.46025641025641023 0.5766826923076923 0.028846153846153848 0.05913461538461539
0 0.6512820512820513 0.728125 0.029487179487179487 0.04471153846153846
0 0.7262820512820513 0.8406250000000001 0.032692307692307694 0.04471153846153846
0 0.8001602564102565 0.7987980769230769 0.0342948717948718 0.05432692307692308
0 0.825 0.80625 0.027564102564102563 0.051923076923076926
0 0.6290064102564102 0.7168269230769231 0.027884615384615386 0.04038461538461539
0 0.6450320512820513 0.7492788461538462 0.030448717948717948 0.037980769230769235
0 0.732051282051282 0.2966346153846154 0.026282051282051282 0.035576923076923075
