0 0.06826923076923076 0.35985576923076923 0.06474358974358975 0.08413461538461539
0 0.22884615384615384 0.4685096153846154 0.06666666666666667 0.07932692307692309
0 0.4650641025641026 0.6730769230769231 0.07692307692307693 0.08653846153846154
0 0.6376602564102564 0.9199519230769231 0.0625 0.07932692307692309
0 0.7576923076923077 0.95625 0.0673076923076923 0.0826923076923077
0 0.8051282051282052 0.9403846153846155 0.06217948717948718 0.09615384615384616
0 0.7027243589743589 0.9569711538461539 0.06762820512820512 0.08509615384615385
0 0.871474358974359 0.2793269230769231 0.060897435897435896 0.10480769230769231
0 0.9307692307692308 0.26610576923076923 0.060897435897435896 0.09471153846153847
0 0.8419871794871795 0.1747596153846154 0.04871794871794872 0.06875
0 0.8057692307692308 0.34110576923076924 0.05961538461538462 0.08221153846153846
0 0.5950320512820513 0.7605769230769232 0.06057692307692308 0.09615384615384616
0 0.6740384615384616 0.7192307692307692 0.05897435897435897 0.07115384615384615
0 0.6344551282051282 0.7418269230769231 0.06634615384615385 0.08365384615384616
0 0.6213141025641026 0.4168269230769231 0.058653846153846154 0.0826923076923077
