0 0.663301282051282 0.4411057692307693 0.06826923076923076 0.10721153846153847
0 0.5375 0.21971153846153849 0.07307692307692308 0.09807692307692309
0 0.5732371794871794 0.16298076923076923 0.07916666666666666 0.1028846153846154
0 0.4700320512820513 0.7204326923076924 0.0733974358974359 0.09663461538461539
0 0.8514423076923077 0.7899038461538462 0.06955128205128205 0.08653846153846154
0 0.8488782051282051 0.9605769230769231 0.05416666666666667 0.07211538461538462
0 0.8945512820512821 0.9637019230769232 0.05705128205128205 0.06875
0 0.9264423076923077 0.8980769230769231 0.061217948717948716 0.09615384615384616
0 0.9075320512820513 0.8610576923076924 0.06378205128205128 0.08846153846153847
0 0.3532051282051282 0.8562500000000001 0.07884615384615384 0.1125
0 0.3995192307692308 0.6165865384615385 0.07916666666666666 0.10625000000000001
0 0.3407051282051282 0.6512019230769232 0.08205128205128205 0.11682692307692308
0 0.17403846153846153 0.6937500000000001 0.057692307692307696 0.07788461538461539
0 0.327724358974359 0.20120192307692308 0.05673076923076923 0.0716346153846154
0 0.9256410256410257 0.11923076923076924 0.057692307692307696 0.07980769230769232
