0 0.5921474358974359 0.7899038461538462 0.06057692307692308 0.08461538461538462
0 0.7232371794871795 0.5560096153846155 0.05416666666666667 0.07932692307692309
0 0.7950320512820512 0.5798076923076924 0.058653846153846154 0.07788461538461539
0 0.8689102564102564 0.2653846153846154 0.05384615384615385 0.07692307692307693
0 0.9389423076923077 0.7480769230769231 0.05480769230769231 0.08461538461538462
0 0.21330128205128204 0.22355769230769232 0.0625 0.08750000000000001
0 0.26875 0.2449519230769231 0.058653846153846154 0.08125
0 0.35384615384615387 0.26490384615384616 0.05064102564102564 0.08076923076923077
0 0.3870192307692308 0.28365384615384615 0.047115384615384615 0.08653846153846154
0 0.40625 0.20985576923076923 0.055448717948717946 0.09759615384615385
0 0.4544871794871795 0.21057692307692308 0.0532051282051282 0.09711538461538462
0 0.513301282051282 0.30000000000000004 0.055448717948717946 0.07500000000000001
0 0.5107371794871794 0.5161057692307692 0.07019230769230769 0.07932692307692309
