0 0.4189102564102564 0.3612980769230769 0.07179487179487179 0.10144230769230769
0 0.4826923076923077 0.3387019230769231 0.06602564102564103 0.10721153846153847
0 0.5443910256410256 0.4355769230769231 0.0516025641025641 0.08173076923076923
0 0.6445512820512821 0.16298076923076923 0.06602564102564103 0.07596153846153847
0 0.33125 0.8161057692307693 0.06826923076923076 0.10144230769230769
0 0.26330128205128206 0.8137019230769231 0.06634615384615385 0.09855769230769232
0 0.26009615384615387 0.7117788461538462 0.06442307692307692 0.11201923076923077
0 0.36522435897435895 0.5485576923076924 0.06955128205128205 0.1028846153846154
0 0.2501602564102564 0.5223557692307692 0.06378205128205128 0.08701923076923078
0 0.4639423076923077 0.38990384615384616 0.05929487179487179 0.07500000000000001
0 0.3088141025641026 0.7375 0.05352564102564102 0.08653846153846154
0 0.3451923076923077 0.6867788461538462 0.058333333333333334 0.0716346153846154
