0 0.6488782051282052 0.6122596153846154 0.07916666666666666 0.13990384615384616
0 0.732051282051282 0.6786057692307693 0.06602564102564103 0.11586538461538462
0 0.7246794871794872 0.7461538461538462 0.05 0.07500000000000001
0 0.9032051282051282 0.6581730769230769 0.09294871794871795 0.15000000000000002
0 0.9458333333333333 0.859375 0.10128205128205128 0.17548076923076925
0 0.9600961538461539 0.9629807692307693 0.07916666666666666 0.07211538461538462
0 0.9631410256410257 0.9036057692307693 0.07307692307692308 0.11971153846153847
0 0.8650641025641026 0.9644230769230769 0.07051282051282051 0.07019230769230769
0 0.2900641025641026 0.2884615384615385 0.07179487179487179 0.1
0 0.40512820512820513 0.37548076923076923 0.06923076923076923 0.09134615384615385
0 0.44022435897435896 0.3629807692307693 0.06826923076923076 0.1076923076923077
0 0.771474358974359 0.1591346153846154 0.04871794871794872 0.07980769230769232
0 0.83125 0.10312500000000001 0.05929487179487179 0.09855769230769232
0 0.607051282051282 0.11995192307692308 0.04871794871794872 0.0764423076923077
0 0.6376602564102564 0.04182692307692308 0.061217948717948716 0.0826923076923077
0 0.6870192307692308 0.037259615384615384 0.041346153846153845 0.07548076923076924
0 0.6512820512820513 0.11370192307692309 0.035897435897435895 0.05913461538461539
0 0.24326923076923077 0.06418269230769232 0.07564102564102564 0.10048076923076923
