0 0.37884615384615383 0.3473557692307693 0.09935897435897435 0.1485576923076923
0 0.47147435897435896 0.3824519230769231 0.09935897435897435 0.14759615384615385
0 0.41201923076923075 0.48052884615384617 0.10737179487179487 0.14086538461538461
0 0.7350961538461539 0.44927884615384617 0.11121794871794871 0.1514423076923077
0 0.9193910256410256 0.8391826923076924 0.09775641025641026 0.14951923076923077
0 0.8421474358974359 0.8305288461538461 0.08301282051282051 0.13221153846153846
0 0.9608974358974359 0.5324519230769231 0.07692307692307693 0.12740384615384617
0 0.5113782051282051 0.8442307692307692 0.07019230769230769 0.11153846153846154
0 0.5908653846153846 0.4723557692307693 0.1016025641025641 0.17548076923076925
0 0.6001602564102564 0.5637019230769231 0.09775641025641026 0.12259615384615385
0 0.9751602564102564 0.9526442307692308 0.04903846153846154 0.09375
0 0.49887820512820513 0.8117788461538462 0.09262820512820513 0.12548076923076923
0 0.475801282051282 0.7230769230769232 0.08557692307692308 0.1355769230769231
