0 0.4971153846153846 0.545673076923077 0.075 0.1375
0 0.5714743589743589 0.5730769230769232 0.08525641025641026 0.12884615384615386
0 0.6488782051282052 0.5298076923076923 0.08173076923076923 0.1278846153846154
0 0.60625 0.4324519230769231 0.09519230769230769 0.1293269230769231
0 0.5051282051282051 0.4449519230769231 0.10128205128205128 0.13221153846153846
0 0.03942307692307692 0.703125 0.07884615384615384 0.15721153846153846
0 0.9432692307692307 0.5629807692307692 0.09102564102564102 0.11730769230769231
0 0.9762820512820513 0.514423076923077 0.046794871794871795 0.14134615384615384
0 0.8102564102564103 0.16802884615384617 0.10897435897435898 0.13413461538461538
0 0.8645833333333334 0.06802884615384616 0.09391025641025641 0.13221153846153846
0 0.8564102564102564 0.2903846153846154 0.08397435897435897 0.11634615384615385
0 0.7102564102564103 0.4 0.08717948717948718 0.12115384615384617
0 0.7512820512820513 0.3918269230769231 0.075 0.1326923076923077
0 0.813301282051282 0.4829326923076923 0.0798076923076923 0.1139423076923077
0 0.7540064102564102 0.12307692307692308 0.07532051282051282 0.1028846153846154
