0 0.5689102564102564 0.567548076923077 0.05961538461538462 0.08605769230769231
0 0.5533653846153846 0.6435096153846154 0.05737179487179487 0.08701923076923078
0 0.6126602564102565 0.6468750000000001 0.06442307692307692 0.08028846153846154
0 0.5876602564102564 0.7024038461538462 0.055448717948717946 0.07211538461538462
0 0.6415064102564103 0.6805288461538462 0.06378205128205128 0.08605769230769231
0 0.7713141025641026 0.7512019230769231 0.05929487179487179 0.09375
0 0.8038461538461539 0.8129807692307692 0.058333333333333334 0.09326923076923077
0 0.8333333333333334 0.8081730769230769 0.06153846153846154 0.10576923076923078
0 0.857051282051282 0.7399038461538462 0.0641025641025641 0.10096153846153846
0 0.8887820512820512 0.8805288461538462 0.0641025641025641 0.08990384615384615
0 0.8926282051282052 0.9187500000000001 0.06025641025641026 0.07980769230769232
0 0.8469551282051282 0.8836538461538462 0.06185897435897436 0.08846153846153847
0 0.7932692307692307 0.8855769230769232 0.04871794871794872 0.08846153846153847
0 0.7443910256410257 0.8641826923076924 0.05032051282051282 0.0764423076923077
0 0.7027243589743589 0.9418269230769232 0.05480769230769231 0.07403846153846154
0 0.7096153846153846 0.8887019230769231 0.04871794871794872 0.06971153846153846
