0 0.051923076923076926 0.21177884615384618 0.04871794871794872 0.08413461538461539
0 0.06826923076923076 0.2387019230769231 0.057692307692307696 0.09471153846153847
0 0.0171474358974359 0.42475961538461543 0.03493589743589744 0.08990384615384615
0 0.08878205128205129 0.4355769230769231 0.04807692307692308 0.06923076923076923
0 0.11201923076923077 0.46490384615384617 0.05416666666666667 0.08846153846153847
0 0.14086538461538461 0.6536057692307693 0.058012820512820515 0.0764423076923077
0 0.1519230769230769 0.7225961538461538 0.06474358974358975 0.08942307692307692
0 0.16330128205128205 0.7692307692307693 0.06570512820512821 0.08461538461538462
0 0.0876602564102564 0.7192307692307692 0.06185897435897436 0.08846153846153847
0 0.24695512820512822 0.8161057692307693 0.06570512820512821 0.09471153846153847
0 0.20384615384615384 0.8812500000000001 0.0685897435897436 0.07596153846153847
0 0.07884615384615384 0.9793269230769232 0.05641025641025641 0.04038461538461539
