0 0.057692307692307696 0.24110576923076923 0.07179487179487179 0.10048076923076923
0 0.18637820512820513 0.3629807692307693 0.04455128205128205 0.06826923076923078
0 0.2620192307692308 0.6242788461538462 0.04583333333333333 0.06490384615384616
0 0.33589743589743587 0.9536057692307692 0.041666666666666664 0.06682692307692308
0 0.4044871794871795 0.9430288461538462 0.05 0.06971153846153846
0 0.47644230769230766 0.7348557692307692 0.05608974358974359 0.08413461538461539
0 0.6001602564102564 0.7367788461538461 0.05673076923076923 0.07836538461538461
0 0.5152243589743589 0.6918269230769231 0.046474358974358976 0.08365384615384616
0 0.47323717948717947 0.6668269230769232 0.046474358974358976 0.07980769230769232
0 0.3919871794871795 0.7629807692307693 0.04487179487179487 0.06730769230769232
0 0.03205128205128205 0.630048076923077 0.05641025641025641 0.10048076923076923
0 0.03942307692307692 0.6887019230769231 0.05705128205128205 0.09086538461538463
0 0.05897435897435897 0.9399038461538463 0.05641025641025641 0.0826923076923077
0 0.37451923076923077 0.9757211538461539 0.058012820512820515 0.04759615384615385
0 0.24903846153846154 0.4098557692307693 0.046794871794871795 0.06586538461538462
0 0.023237179487179488 0.5086538461538462 0.04455128205128205 0.10096153846153846
0 0.3075320512820513 0.5730769230769232 0.03942307692307692 0.05961538461538462
0 0.30817307692307694 0.6305288461538462 0.041987179487179484 0.0639423076923077
0 0.4375 0.7617788461538462 0.05 0.06586538461538462
0 0.55 0.7810096153846154 0.046153846153846156 0.06875
0 0.34951923076923075 0.7699519230769232 0.04391025641025641 0.06298076923076923
0 0.09391025641025641 0.3230769230769231 0.046153846153846156 0.057692307692307696
