0 0.34262820512820513 0.215625 0.08333333333333333 0.11778846153846155
0 0.18814102564102564 0.24927884615384616 0.04807692307692308 0.07067307692307692
0 0.016506410256410257 0.3194711538461539 0.03365384615384615 0.06490384615384616
0 0.24583333333333332 0.5524038461538462 0.07756410256410257 0.11153846153846154
0 0.3762820512820513 0.5072115384615384 0.07371794871794872 0.1
0 0.20384615384615384 0.6887019230769231 0.07179487179487179 0.10817307692307693
0 0.1857371794871795 0.6637019230769231 0.07724358974358975 0.09278846153846154
0 0.26458333333333334 0.6418269230769231 0.08173076923076923 0.09134615384615385
0 0.28205128205128205 0.7305288461538462 0.07564102564102564 0.09759615384615385
0 0.3227564102564103 0.6930288461538462 0.06987179487179487 0.10625000000000001
0 0.3887820512820513 0.7004807692307693 0.06666666666666667 0.1
0 0.37083333333333335 0.7637019230769231 0.06987179487179487 0.08605769230769231
0 0.42628205128205127 0.6391826923076923 0.07179487179487179 0.10625000000000001
0 0.3858974358974359 0.6348557692307693 0.06153846153846154 0.08798076923076924
0 0.5407051282051282 0.5069711538461539 0.05512820512820513 0.08125
0 0.5165064102564103 0.5067307692307692 0.06185897435897436 0.07500000000000001
0 0.520673076923077 0.7016826923076923 0.07019230769230769 0.09182692307692308
0 0.6713141025641025 0.7661057692307692 0.041987179487179484 0.06778846153846155
0 0.47323717948717947 0.9625 0.058012820512820515 0.07403846153846154
0 0.8176282051282051 0.2512019230769231 0.05576923076923077 0.06971153846153846
0 0.833173076923077 0.3211538461538462 0.058012820512820515 0.07788461538461539
0 0.8894230769230769 0.3579326923076923 0.05576923076923077 0.08413461538461539
0 0.8544871794871794 0.5949519230769231 0.05064102564102564 0.08125
0 0.9357371794871795 0.9336538461538462 0.058653846153846154 0.07980769230769232
0 0.8802884615384615 0.9569711538461539 0.049679487179487176 0.07740384615384616
0 0.9296474358974359 0.9745192307692309 0.07083333333333333 0.05
0 0.9426282051282051 0.5305288461538462 0.04871794871794872 0.07259615384615385
0 0.9363782051282051 0.4480769230769231 0.046474358974358976 0.05961538461538462
0 0.9376602564102564 0.2586538461538462 0.04583333333333333 0.058653846153846154
0 0.9738782051282051 0.17115384615384616 0.040705128205128206 0.060576923076923084
0 0.8775641025641026 0.10168269230769231 0.05128205128205128 0.06298076923076923
0 0.9200320512820512 0.19375 0.04455128205128205 0.05961538461538462
0 0.958974358974359 0.20865384615384616 0.03974358974358974 0.05288461538461539
