0 0.2608974358974359 0.6668269230769232 0.07051282051282051 0.08461538461538462
0 0.2568910256410256 0.7262019230769231 0.06442307692307692 0.06586538461538462
0 0.1907051282051282 0.7336538461538462 0.04935897435897436 0.06730769230769232
0 0.11634615384615385 0.7298076923076924 0.058333333333333334 0.08557692307692308
0 0.15705128205128205 0.7466346153846154 0.041666666666666664 0.058653846153846154
0 0.1375 0.8067307692307693 0.04358974358974359 0.06538461538461539
0 0.040705128205128206 0.8622596153846155 0.041666666666666664 0.06298076923076923
0 0.038301282051282054 0.671875 0.06185897435897436 0.0716346153846154
0 0.09006410256410256 0.6223557692307693 0.06987179487179487 0.09855769230769232
0 0.014423076923076924 0.5918269230769231 0.029487179487179487 0.08942307692307692
0 0.016346153846153847 0.16610576923076925 0.032692307692307694 0.06298076923076923
