0 0.26009615384615387 0.22235576923076925 0.06057692307692308 0.09471153846153847
0 0.3076923076923077 0.20480769230769233 0.06538461538461539 0.1028846153846154
0 0.3213141025641026 0.290625 0.06698717948717949 0.09086538461538463
0 0.27323717948717946 0.3180288461538462 0.06826923076923076 0.09182692307692308
0 0.37948717948717947 0.37980769230769235 0.04807692307692308 0.07115384615384615
0 0.33958333333333335 0.028605769230769233 0.05673076923076923 0.058173076923076925
0 0.03012820512820513 0.665625 0.05384615384615385 0.09471153846153847
0 0.3626602564102564 0.9430288461538462 0.05673076923076923 0.07548076923076924
0 0.4625 0.9699519230769231 0.046153846153846156 0.058173076923076925
0 0.5508012820512821 0.6468750000000001 0.0625 0.06971153846153846
0 0.8344551282051282 0.728125 0.0516025641025641 0.07836538461538461
