0 0.2532051282051282 0.24927884615384616 0.046794871794871795 0.06778846153846155
0 0.20448717948717948 0.25817307692307695 0.05128205128205128 0.07115384615384615
0 0.2064102564102564 0.33100961538461543 0.05064102564102564 0.07067307692307692
0 0.25448717948717947 0.3137019230769231 0.046153846153846156 0.0716346153846154
0 0.24519230769230768 0.10480769230769231 0.04551282051282051 0.06634615384615385
0 0.21330128205128204 0.02235576923076923 0.0516025641025641 0.04471153846153846
0 0.28525641025641024 0.029326923076923077 0.046153846153846156 0.051923076923076926
0 0.65625 0.18485576923076924 0.041346153846153845 0.057211538461538466
0 0.44759615384615387 0.9668269230769231 0.061217948717948716 0.06538461538461539
0 0.4238782051282051 0.8668269230769231 0.04391025641025641 0.0826923076923077
0 0.45064102564102565 0.6848557692307693 0.05641025641025641 0.08125
0 0.47323717948717947 0.8975961538461539 0.055448717948717946 0.08557692307692308
0 0.19006410256410255 0.8360576923076923 0.046153846153846156 0.07019230769230769
0 0.3294871794871795 0.5997596153846154 0.04230769230769231 0.06201923076923077
0 0.3001602564102564 0.5918269230769231 0.04006410256410257 0.06153846153846154
