0 0.258974358974359 0.42235576923076923 0.06217948717948718 0.10528846153846154
0 0.3389423076923077 0.046153846153846156 0.06698717948717949 0.0903846153846154
0 0.13076923076923078 0.7579326923076923 0.05705128205128205 0.07355769230769231
0 0.08253205128205128 0.8105769230769231 0.07788461538461539 0.09903846153846155
0 0.05080128205128205 0.890625 0.06185897435897436 0.10144230769230769
0 0.11570512820512821 0.8992788461538462 0.07435897435897436 0.10913461538461539
0 0.13766025641025642 0.6168269230769231 0.07724358974358975 0.11153846153846154
0 0.3732371794871795 0.03173076923076923 0.06634615384615385 0.06346153846153846
0 0.23028846153846153 0.46923076923076923 0.06057692307692308 0.07403846153846154
0 0.4421474358974359 0.4480769230769231 0.05480769230769231 0.07788461538461539
0 0.4201923076923077 0.24423076923076925 0.058333333333333334 0.08557692307692308
