0 0.17387820512820512 0.21250000000000002 0.08365384615384615 0.12884615384615386
0 0.23525641025641025 0.16370192307692308 0.07756410256410257 0.13221153846153846
0 0.11009615384615384 0.15048076923076925 0.09391025641025641 0.12596153846153846
0 0.15128205128205127 0.309375 0.07243589743589744 0.09855769230769232
0 0.16891025641025642 0.3875 0.08076923076923077 0.10673076923076924
0 0.08269230769230769 0.3961538461538462 0.08141025641025641 0.11538461538461539
0 0.12387820512820513 0.43485576923076924 0.07211538461538461 0.10144230769230769
0 0.1889423076923077 0.878125 0.07403846153846154 0.10336538461538462
0 0.21009615384615385 0.26875 0.07660256410256411 0.1076923076923077
0 0.016346153846153847 0.4048076923076923 0.03333333333333333 0.10865384615384616
