0 0.5177884615384616 0.2329326923076923 0.07660256410256411 0.11009615384615386
0 0.5988782051282051 0.23605769230769233 0.08621794871794872 0.13076923076923078
0 0.5708333333333333 0.3786057692307693 0.07948717948717948 0.09759615384615385
0 0.8512820512820513 0.6629807692307693 0.0967948717948718 0.125
0 0.9358974358974359 0.7538461538461538 0.07692307692307693 0.10384615384615385
0 0.9076923076923077 0.6247596153846154 0.06474358974358975 0.09951923076923078
0 0.22692307692307692 0.8211538461538462 0.07756410256410257 0.10865384615384616
0 0.1764423076923077 0.8286057692307692 0.061217948717948716 0.0889423076923077
0 0.02564102564102564 0.8567307692307693 0.05128205128205128 0.0951923076923077
0 0.3645833333333333 0.07307692307692308 0.0842948717948718 0.10865384615384616
0 0.4969551282051282 0.15168269230769232 0.07596153846153846 0.09663461538461539
