0 0.5732371794871794 0.6367788461538462 0.06506410256410257 0.09182692307692308
0 0.5395833333333333 0.6930288461538462 0.06698717948717949 0.08221153846153846
0 0.30256410256410254 0.6269230769230769 0.05064102564102564 0.07115384615384615
0 0.26634615384615384 0.6538461538461539 0.051923076923076926 0.07115384615384615
0 0.36330128205128204 0.38485576923076925 0.06891025641025642 0.09663461538461539
0 0.29759615384615384 0.2699519230769231 0.0625 0.09759615384615385
0 0.27387820512820515 0.2949519230769231 0.05480769230769231 0.07932692307692309
0 0.2439102564102564 0.19495192307692308 0.04871794871794872 0.06778846153846155
0 0.28894230769230766 0.1528846153846154 0.05608974358974359 0.08557692307692308
0 0.060737179487179487 0.28629807692307696 0.05929487179487179 0.08605769230769231
0 0.05064102564102564 0.209375 0.05576923076923077 0.0764423076923077
0 0.7995192307692308 0.484375 0.06955128205128205 0.09086538461538463
0 0.7626602564102564 0.4778846153846154 0.06314102564102564 0.09615384615384616
0 0.642147435897436 0.8290865384615385 0.061217948717948716 0.09375
0 0.5908653846153846 0.8211538461538462 0.06314102564102564 0.08557692307692308
0 0.6145833333333334 0.9372596153846154 0.06057692307692308 0.07451923076923077
0 0.7926282051282051 0.7617788461538462 0.05576923076923077 0.08221153846153846
0 0.8251602564102564 0.8262019230769231 0.061217948717948716 0.08221153846153846
0 0.8113782051282051 0.41875 0.07724358974358975 0.09807692307692309
0 0.05641025641025641 0.7098557692307693 0.04871794871794872 0.0716346153846154
0 0.1607371794871795 0.3680288461538462 0.0516025641025641 0.0764423076923077
0 0.40512820512820513 0.3942307692307693 0.04871794871794872 0.07788461538461539
0 0.7650641025641025 0.7305288461538462 0.052564102564102565 0.0716346153846154
0 0.5881410256410257 0.7105769230769231 0.05641025641025641 0.08846153846153847
