0 0.6145833333333334 0.09807692307692309 0.07019230769230769 0.09230769230769231
0 0.444551282051282 0.3473557692307693 0.04871794871794872 0.07740384615384616
0 0.49887820512820513 0.3293269230769231 0.05608974358974359 0.07596153846153847
0 0.3575320512820513 0.9725961538461539 0.06570512820512821 0.05384615384615385
0 0.45080128205128206 0.8473557692307693 0.052243589743589745 0.09375
0 0.1875 0.565625 0.06474358974358975 0.07355769230769231
0 0.5238782051282052 0.4324519230769231 0.06057692307692308 0.08028846153846154
0 0.41955128205128206 0.4105769230769231 0.058333333333333334 0.0826923076923077
0 0.4701923076923077 0.39855769230769234 0.04807692307692308 0.07692307692307693
0 0.42403846153846153 0.03293269230769231 0.060897435897435896 0.06682692307692308
0 0.4858974358974359 0.9663461538461539 0.04807692307692308 0.06634615384615385
