0 0.7221153846153846 0.23197115384615385 0.0532051282051282 0.07740384615384616
0 0.7738782051282052 0.20985576923076923 0.0516025641025641 0.06778846153846155
0 0.802724358974359 0.3211538461538462 0.05993589743589744 0.08076923076923077
0 0.6208333333333333 0.9341346153846154 0.06538461538461539 0.09326923076923077
0 0.6408653846153847 0.8774038461538463 0.06634615384615385 0.08365384615384616
0 0.7363782051282052 0.7230769230769232 0.058653846153846154 0.07500000000000001
0 0.783974358974359 0.8629807692307693 0.04871794871794872 0.08750000000000001
0 0.07275641025641026 0.7129807692307693 0.0532051282051282 0.06538461538461539
0 0.4576923076923077 0.44230769230769235 0.06987179487179487 0.07788461538461539
0 0.6706730769230769 0.9137019230769231 0.04326923076923077 0.07932692307692309
0 0.6977564102564102 0.2980769230769231 0.06474358974358975 0.08076923076923077
0 0.7519230769230769 0.2855769230769231 0.0532051282051282 0.07788461538461539
