0 0.3525641025641026 0.35168269230769234 0.046153846153846156 0.06682692307692308
0 0.25400641025641024 0.3449519230769231 0.03878205128205128 0.05336538461538462
0 0.28012820512820513 0.17115384615384616 0.03717948717948718 0.057692307692307696
0 0.2725961538461538 0.536298076923077 0.04391025641025641 0.0639423076923077
0 0.22580128205128205 0.3425480769230769 0.04391025641025641 0.06298076923076923
0 0.19583333333333333 0.3699519230769231 0.046153846153846156 0.0639423076923077
0 0.2076923076923077 0.4324519230769231 0.03461538461538462 0.05048076923076923
0 0.09759615384615385 0.35985576923076923 0.03621794871794872 0.052403846153846155
0 0.14759615384615385 0.5165865384615385 0.04006410256410257 0.05432692307692308
0 0.017788461538461538 0.6581730769230769 0.035576923076923075 0.04807692307692308
