0 0.9777243589743589 0.65625 0.04326923076923077 0.07307692307692308
0 0.9719551282051282 0.7391826923076924 0.04519230769230769 0.05913461538461539
0 0.8926282051282052 0.6987980769230769 0.04487179487179487 0.06490384615384616
0 0.8020833333333334 0.2882211538461539 0.041987179487179484 0.06682692307692308
0 0.9625 0.9824519230769231 0.04871794871794872 0.03317307692307692
0 0.746474358974359 0.253125 0.04423076923076923 0.06971153846153846
0 0.4238782051282051 0.6125 0.04326923076923077 0.057692307692307696
0 0.5714743589743589 0.7728365384615385 0.046153846153846156 0.06682692307692308
0 0.18205128205128204 0.5485576923076924 0.051923076923076926 0.07019230769230769
0 0.3876602564102564 0.22548076923076923 0.05673076923076923 0.07980769230769232
