0 0.6096153846153847 0.5492788461538461 0.05448717948717949 0.07932692307692309
0 0.6557692307692308 0.6391826923076923 0.058333333333333334 0.0889423076923077
0 0.5464743589743589 0.7000000000000001 0.0391025641025641 0.05961538461538462
0 0.21762820512820513 0.1887019230769231 0.04423076923076923 0.07067307692307692
0 0.3644230769230769 0.03870192307692308 0.05128205128205128 0.07355769230769231
0 0.2169871794871795 0.05168269230769231 0.046153846153846156 0.07259615384615385
0 0.3189102564102564 0.19567307692307692 0.04487179487179487 0.07692307692307693
0 0.35512820512820514 0.20192307692307693 0.04551282051282051 0.07692307692307693
0 0.4544871794871795 0.2824519230769231 0.04487179487179487 0.06105769230769231
0 0.47836538461538464 0.2793269230769231 0.03942307692307692 0.06730769230769232
0 0.5568910256410257 0.6536057692307693 0.03878205128205128 0.052403846153846155
0 0.1889423076923077 0.9262019230769232 0.04391025641025641 0.06298076923076923
0 0.23028846153846153 0.7949519230769231 0.05352564102564102 0.06971153846153846
0 0.2483974358974359 0.03485576923076923 0.04294871794871795 0.07067307692307692
0 0.669551282051282 0.5512019230769231 0.04807692307692308 0.06778846153846155
0 0.6475961538461539 0.42500000000000004 0.05737179487179487 0.06730769230769232
