0 0.16378205128205128 0.3810096153846154 0.04935897435897436 0.07259615384615385
0 0.5113782051282051 0.20865384615384616 0.04903846153846154 0.07403846153846154
0 0.4639423076923077 0.13798076923076924 0.04391025641025641 0.06634615384615385
0 0.38830128205128206 0.26490384615384616 0.03365384615384615 0.05
0 0.09887820512820512 0.42115384615384616 0.052243589743589745 0.06538461538461539
0 0.0764423076923077 0.49927884615384616 0.03942307692307692 0.06298076923076923
0 0.0983974358974359 0.36875 0.046153846153846156 0.06442307692307693
0 0.03205128205128205 0.2276442307692308 0.05128205128205128 0.06875
0 0.22948717948717948 0.12307692307692308 0.038461538461538464 0.05961538461538462
0 0.26778846153846153 0.1391826923076923 0.041346153846153845 0.06298076923076923
0 0.3608974358974359 0.15552884615384616 0.04807692307692308 0.07259615384615385
0 0.3608974358974359 0.03365384615384616 0.047435897435897434 0.06634615384615385
0 0.43205128205128207 0.13173076923076923 0.04038461538461539 0.05673076923076924
0 0.49022435897435895 0.1887019230769231 0.04326923076923077 0.06298076923076923
