0 0.657051282051282 0.5649038461538461 0.046153846153846156 0.07019230769230769
0 0.7025641025641025 0.6384615384615385 0.052564102564102565 0.07500000000000001
0 0.6814102564102564 0.6168269230769231 0.04230769230769231 0.06346153846153846
0 0.5721153846153846 0.6980769230769232 0.03653846153846154 0.05096153846153846
0 0.5512820512820513 0.4637019230769231 0.046794871794871795 0.07067307692307692
0 0.4083333333333333 0.11995192307692308 0.046794871794871795 0.0716346153846154
0 0.2693910256410256 0.12548076923076923 0.04262820512820513 0.06634615384615385
0 0.29134615384615387 0.2536057692307692 0.04423076923076923 0.07355769230769231
0 0.3326923076923077 0.25985576923076925 0.04551282051282051 0.0639423076923077
0 0.23509615384615384 0.25048076923076923 0.04583333333333333 0.06538461538461539
0 0.01875 0.08605769230769231 0.03685897435897436 0.07692307692307693
0 0.020833333333333332 0.4949519230769231 0.0391025641025641 0.07355769230769231
0 0.15897435897435896 0.7668269230769231 0.04807692307692308 0.06538461538461539
0 0.3407051282051282 0.8125 0.04871794871794872 0.07403846153846154
0 0.24951923076923077 0.9274038461538462 0.040705128205128206 0.057692307692307696
0 0.27387820512820515 0.853125 0.052884615384615384 0.06490384615384616
0 0.27516025641025643 0.8012019230769232 0.05032051282051282 0.057211538461538466
0 0.1344551282051282 0.7355769230769231 0.0375 0.060576923076923084
0 0.1439102564102564 0.6348557692307693 0.04423076923076923 0.06586538461538462
0 0.02451923076923077 0.7129807692307693 0.04262820512820513 0.06730769230769232
0 0.04823717948717949 0.8199519230769231 0.0375 0.04471153846153846
0 0.6195512820512821 0.5692307692307692 0.03333333333333333 0.06730769230769232
0 0.4189102564102564 0.3324519230769231 0.046153846153846156 0.06009615384615385
0 0.11394230769230769 0.6293269230769231 0.035576923076923075 0.0625
0 0.21394230769230768 0.6586538461538461 0.041346153846153845 0.05576923076923077
0 0.23958333333333334 0.6473557692307693 0.03942307692307692 0.06009615384615385
0 0.19583333333333333 0.6548076923076923 0.03012820512820513 0.05288461538461539
0 0.24006410256410257 0.09615384615384616 0.04551282051282051 0.07019230769230769
0 0.28012820512820513 0.10432692307692308 0.04038461538461539 0.06634615384615385
