0 0.3488782051282051 0.7000000000000001 0.06698717948717949 0.09423076923076923
0 0.42580128205128204 0.7168269230769231 0.06185897435897436 0.0951923076923077
0 0.5176282051282052 0.5891826923076924 0.05 0.07067307692307692
0 0.5814102564102565 0.6867788461538462 0.046794871794871795 0.06971153846153846
0 0.5921474358974359 0.06875 0.06634615384615385 0.09711538461538462
0 0.5564102564102564 0.11298076923076923 0.06666666666666667 0.09615384615384616
0 0.32884615384615384 0.2644230769230769 0.041666666666666664 0.07115384615384615
0 0.35144230769230766 0.2625 0.041346153846153845 0.07596153846153847
0 0.08333333333333333 0.7461538461538462 0.05705128205128205 0.0903846153846154
0 0.05016025641025641 0.7536057692307693 0.046474358974358976 0.08605769230769231
0 0.6607371794871795 0.5793269230769231 0.04775641025641025 0.07596153846153847
0 0.21137820512820513 0.24375000000000002 0.04455128205128205 0.06442307692307693
