0 0.8583333333333333 0.7242788461538462 0.06346153846153846 0.10913461538461539
0 0.7971153846153847 0.696875 0.052564102564102565 0.09855769230769232
0 0.8488782051282051 0.83125 0.0625 0.09615384615384616
0 0.9001602564102564 0.7980769230769231 0.05096153846153846 0.09326923076923077
0 0.9637820512820513 0.6625000000000001 0.06666666666666667 0.09423076923076923
0 0.18445512820512822 0.46995192307692313 0.09006410256410256 0.1293269230769231
0 0.09759615384615385 0.4730769230769231 0.08044871794871795 0.11538461538461539
0 0.29583333333333334 0.3704326923076923 0.09166666666666666 0.1216346153846154
0 0.4346153846153846 0.5173076923076924 0.07948717948717948 0.10096153846153846
0 0.290224358974359 0.5954326923076924 0.0919871794871795 0.13990384615384616
0 0.31826923076923075 0.6913461538461538 0.07243589743589744 0.1
0 0.6557692307692308 0.846875 0.06602564102564103 0.09951923076923078
0 0.552724358974359 0.826923076923077 0.061217948717948716 0.09615384615384616
0 0.9282051282051282 0.6805288461538462 0.05705128205128205 0.09182692307692308
0 0.9626602564102564 0.7911057692307693 0.0483974358974359 0.06586538461538462
0 0.7221153846153846 0.04543269230769231 0.07243589743589744 0.09182692307692308
0 0.65 0.040625 0.06923076923076923 0.08125
0 0.35833333333333334 0.7012019230769231 0.05705128205128205 0.09471153846153847
0 0.13637820512820512 0.5112980769230769 0.06762820512820512 0.11201923076923077
0 0.03701923076923077 0.5461538461538462 0.06570512820512821 0.10673076923076924
0 0.49567307692307694 0.48557692307692313 0.05929487179487179 0.10192307692307692
0 0.6644230769230769 0.9805288461538462 0.05897435897435897 0.037980769230769235
0 0.6227564102564103 0.8762019230769231 0.07179487179487179 0.09663461538461539
