0 0.5708333333333333 0.8230769230769232 0.04487179487179487 0.07115384615384615
0 0.6075320512820512 0.8449519230769231 0.040705128205128206 0.06778846153846155
0 0.6407051282051281 0.7774038461538462 0.046794871794871795 0.07884615384615384
0 0.6764423076923077 0.7973557692307692 0.04326923076923077 0.07067307692307692
0 0.7538461538461538 0.8497596153846154 0.041666666666666664 0.058173076923076925
0 0.8213141025641025 0.8793269230769232 0.0375 0.06442307692307693
0 0.8538461538461538 0.8680288461538462 0.03782051282051282 0.05913461538461539
0 0.6657051282051282 0.8973557692307693 0.05064102564102564 0.06490384615384616
0 0.6807692307692308 0.8574519230769231 0.04935897435897436 0.06105769230769231
0 0.688301282051282 0.9567307692307693 0.033012820512820513 0.05673076923076924
0 0.7219551282051282 0.9656250000000001 0.033012820512820513 0.0639423076923077
0 0.7875 0.967548076923077 0.035897435897435895 0.05048076923076923
0 0.7825320512820513 0.6524038461538462 0.03878205128205128 0.06442307692307693
0 0.8182692307692307 0.6605769230769231 0.04230769230769231 0.07211538461538462
0 0.9193910256410256 0.5930288461538462 0.04455128205128205 0.07836538461538461
0 0.9338141025641026 0.47668269230769234 0.04326923076923077 0.0764423076923077
0 0.8908653846153847 0.5915865384615385 0.040705128205128206 0.05432692307692308
0 0.7495192307692308 0.8915865384615385 0.058653846153846154 0.06682692307692308
