0 0.3471153846153846 0.2543269230769231 0.075 0.11730769230769231
0 0.3663461538461538 0.259375 0.07628205128205129 0.11009615384615386
0 0.03076923076923077 0.06923076923076923 0.05384615384615385 0.08365384615384616
0 0.07884615384615384 0.07692307692307693 0.04551282051282051 0.07115384615384615
0 0.028365384615384615 0.6004807692307693 0.046474358974358976 0.07403846153846154
0 0.08205128205128205 0.6711538461538462 0.05 0.07596153846153847
0 0.13653846153846153 0.6468750000000001 0.05512820512820513 0.08028846153846154
0 0.4012820512820513 0.596875 0.05897435897435897 0.08798076923076924
0 0.3783653846153846 0.7348557692307692 0.05673076923076923 0.08701923076923078
0 0.4264423076923077 0.7536057692307693 0.049679487179487176 0.08990384615384615
0 0.8900641025641025 0.5766826923076923 0.09038461538461538 0.12067307692307692
0 0.6213141025641026 0.22235576923076925 0.08173076923076923 0.11201923076923077
0 0.6876602564102564 0.5543269230769231 0.07916666666666666 0.12596153846153846
