0 0.8945512820512821 0.059375000000000004 0.09102564102564102 0.11490384615384616
0 0.8288461538461539 0.15240384615384617 0.07692307692307693 0.11153846153846154
0 0.923397435897436 0.48365384615384616 0.07692307692307693 0.0951923076923077
0 0.6020833333333333 0.42235576923076923 0.08237179487179487 0.10721153846153847
0 0.6020833333333333 0.5367788461538462 0.08365384615384615 0.11490384615384616
0 0.5270833333333333 0.5211538461538462 0.07596153846153846 0.10673076923076924
0 0.7870192307692307 0.3055288461538462 0.07724358974358975 0.10625000000000001
0 0.8669871794871795 0.225 0.07371794871794872 0.08653846153846154
0 0.8051282051282052 0.20673076923076925 0.0641025641025641 0.08557692307692308
0 0.7495192307692308 0.046153846153846156 0.06506410256410257 0.07596153846153847
