0 0.6969551282051282 0.8661057692307693 0.05480769230769231 0.08028846153846154
0 0.7807692307692308 0.8980769230769231 0.041666666666666664 0.05961538461538462
0 0.13141025641025642 0.5824519230769231 0.05705128205128205 0.06971153846153846
0 0.16266025641025642 0.755048076923077 0.052884615384615384 0.0764423076923077
0 0.21650641025641026 0.6754807692307693 0.0483974358974359 0.06923076923076923
0 0.2608974358974359 0.578125 0.05 0.06778846153846155
0 0.1283653846153846 0.13365384615384615 0.04391025641025641 0.05480769230769231
0 0.14583333333333334 0.09495192307692309 0.04551282051282051 0.05528846153846154
0 0.2012820512820513 0.13870192307692308 0.052564102564102565 0.07067307692307692
0 0.2201923076923077 0.24975961538461539 0.05448717948717949 0.07067307692307692
0 0.2939102564102564 0.17932692307692308 0.06602564102564103 0.07596153846153847
0 0.3701923076923077 0.19735576923076925 0.057692307692307696 0.0716346153846154
0 0.42451923076923076 0.18942307692307694 0.05737179487179487 0.06730769230769232
0 0.19006410256410255 0.027403846153846154 0.07564102564102564 0.05576923076923077
0 0.1657051282051282 0.03245192307692308 0.06346153846153846 0.06586538461538462
