0 0.8214743589743589 0.15048076923076925 0.05448717948717949 0.08461538461538462
0 0.8770833333333333 0.16802884615384617 0.058653846153846154 0.09663461538461539
0 0.8344551282051282 0.21875 0.06570512820512821 0.08076923076923077
0 0.746474358974359 0.2918269230769231 0.046794871794871795 0.08076923076923077
0 0.7796474358974359 0.3942307692307693 0.061217948717948716 0.08557692307692308
0 0.7458333333333333 0.45480769230769236 0.07115384615384615 0.09230769230769231
0 0.7600961538461538 0.7605769230769232 0.06634615384615385 0.09326923076923077
0 0.48205128205128206 0.8197115384615385 0.06474358974358975 0.11057692307692309
0 0.5314102564102564 0.8399038461538462 0.05641025641025641 0.1028846153846154
0 0.5975961538461538 0.828125 0.05608974358974359 0.0889423076923077
0 0.7807692307692308 0.8134615384615385 0.05512820512820513 0.08942307692307692
0 0.7907051282051282 0.30360576923076926 0.04807692307692308 0.06971153846153846
0 0.7745192307692308 0.6781250000000001 0.05929487179487179 0.08990384615384615
