0 0.03445512820512821 0.38798076923076924 0.06185897435897436 0.08557692307692308
0 0.5081730769230769 0.5774038461538462 0.08044871794871795 0.11634615384615385
0 0.5676282051282051 0.5449519230769231 0.0641025641025641 0.10817307692307693
0 0.7950320512820512 0.36923076923076925 0.06506410256410257 0.1
0 0.9232371794871795 0.6848557692307693 0.0625 0.07932692307692309
0 0.6381410256410256 0.6454326923076923 0.057692307692307696 0.08701923076923078
0 0.4858974358974359 0.775 0.07243589743589744 0.10384615384615385
0 0.2693910256410256 0.9555288461538463 0.07660256410256411 0.08798076923076924
0 0.32900641025641025 0.970673076923077 0.06570512820512821 0.057692307692307696
0 0.3439102564102564 0.07860576923076923 0.05641025641025641 0.06778846153846155
0 0.6913461538461538 0.16562500000000002 0.0673076923076923 0.08798076923076924
0 0.721474358974359 0.10865384615384616 0.06923076923076923 0.08653846153846154
0 0.7652243589743589 0.14302884615384617 0.05608974358974359 0.08221153846153846
0 0.26826923076923076 0.598798076923077 0.0641025641025641 0.0889423076923077
0 0.18012820512820513 0.5560096153846155 0.0532051282051282 0.07067307692307692
0 0.9352564102564103 0.8598557692307692 0.05 0.09182692307692308
0 0.9607371794871795 0.7579326923076923 0.058012820512820515 0.0764423076923077
0 0.9182692307692307 0.7692307692307693 0.047435897435897434 0.07403846153846154
0 0.8426282051282051 0.5973557692307693 0.04358974358974359 0.07836538461538461
0 0.5083333333333333 0.078125 0.04935897435897436 0.0639423076923077
