0 0.43333333333333335 0.22235576923076925 0.07948717948717948 0.12355769230769231
0 0.47131410256410255 0.2574519230769231 0.08301282051282051 0.13413461538461538
0 0.38461538461538464 0.27572115384615387 0.07692307692307693 0.11682692307692308
0 0.10576923076923077 0.6230769230769231 0.08782051282051281 0.12211538461538463
0 0.03189102564102564 0.6605769230769231 0.06378205128205128 0.14038461538461539
0 0.05336538461538461 0.7055288461538461 0.0798076923076923 0.09567307692307693
0 0.13814102564102565 0.8173076923076924 0.0532051282051282 0.07211538461538462
0 0.08509615384615385 0.8134615384615385 0.06891025641025642 0.1125
0 0.028846153846153848 0.8105769230769231 0.058333333333333334 0.12211538461538463
0 0.01939102564102564 0.9512019230769231 0.03942307692307692 0.09663461538461539
0 0.032692307692307694 0.5348557692307693 0.051923076923076926 0.10144230769230769
0 0.16442307692307692 0.7586538461538462 0.04807692307692308 0.08173076923076923
