0 0.8307692307692308 0.14182692307692307 0.05128205128205128 0.07788461538461539
0 0.8732371794871795 0.171875 0.0516025641025641 0.06586538461538462
0 0.8876602564102564 0.14615384615384616 0.03685897435897436 0.05288461538461539
0 0.8602564102564103 0.12620192307692307 0.04935897435897436 0.05913461538461539
0 0.8708333333333333 0.4012019230769231 0.05897435897435897 0.09471153846153847
0 0.8001602564102565 0.36610576923076926 0.06442307692307692 0.0889423076923077
0 0.8008012820512821 0.41923076923076924 0.06634615384615385 0.0826923076923077
0 0.740224358974359 0.4060096153846154 0.06891025641025642 0.10048076923076923
0 0.6881410256410256 0.4086538461538462 0.06025641025641026 0.0903846153846154
0 0.43012820512820515 0.34687500000000004 0.05576923076923077 0.08798076923076924
0 0.48509615384615384 0.3367788461538462 0.0516025641025641 0.08221153846153846
0 0.45384615384615384 0.27740384615384617 0.06794871794871794 0.07403846153846154
0 0.41762820512820514 0.36610576923076926 0.05897435897435897 0.08413461538461539
0 0.30689102564102566 0.7622596153846154 0.06185897435897436 0.08125
0 0.2657051282051282 0.8004807692307693 0.06794871794871794 0.09711538461538462
0 0.258974358974359 0.359375 0.05384615384615385 0.08413461538461539
0 0.14759615384615385 0.13629807692307694 0.06378205128205128 0.10144230769230769
0 0.11314102564102564 0.15000000000000002 0.05448717948717949 0.09615384615384616
0 0.15625 0.246875 0.06185897435897436 0.09278846153846154
0 0.13028846153846155 0.23677884615384617 0.05480769230769231 0.08221153846153846
0 0.028846153846153848 0.3324519230769231 0.057692307692307696 0.08413461538461539
0 0.3663461538461538 0.24615384615384617 0.04871794871794872 0.06153846153846154
