0 0.09887820512820512 0.2793269230769231 0.041987179487179484 0.07115384615384615
0 0.17387820512820512 0.821875 0.0516025641025641 0.07836538461538461
0 0.3682692307692308 0.3617788461538462 0.08012820512820513 0.09855769230769232
0 0.4846153846153846 0.20552884615384617 0.060897435897435896 0.09471153846153847
0 0.47644230769230766 0.2918269230769231 0.06955128205128205 0.08653846153846154
0 0.5971153846153846 0.24807692307692308 0.041666666666666664 0.07211538461538462
0 0.5189102564102565 0.21442307692307694 0.051923076923076926 0.06826923076923078
0 0.46073717948717946 0.0872596153846154 0.05416666666666667 0.07740384615384616
0 0.548397435897436 0.55 0.052564102564102565 0.07211538461538462
0 0.5900641025641026 0.5235576923076923 0.047435897435897434 0.05961538461538462
0 0.5895833333333333 0.7012019230769231 0.058653846153846154 0.08221153846153846
0 0.607051282051282 0.8286057692307692 0.05 0.08509615384615385
0 0.5626602564102564 0.828125 0.041987179487179484 0.06971153846153846
0 0.8669871794871795 0.25504807692307696 0.05 0.08125
0 0.9201923076923076 0.24182692307692308 0.058333333333333334 0.08461538461538462
0 0.971474358974359 0.20625000000000002 0.0532051282051282 0.07596153846153847
0 0.8520833333333333 0.09735576923076923 0.04583333333333333 0.06490384615384616
0 0.5568910256410257 0.2625 0.06634615384615385 0.09615384615384616
