0 0.2637820512820513 0.5117788461538462 0.0641025641025641 0.08605769230769231
0 0.24695512820512822 0.5887019230769232 0.0516025641025641 0.08798076923076924
0 0.2988782051282051 0.5887019230769232 0.05993589743589744 0.08125
0 0.34439102564102564 0.6141826923076923 0.05352564102564102 0.07548076923076924
0 0.28701923076923075 0.6461538461538462 0.05608974358974359 0.07019230769230769
0 0.6057692307692307 0.8105769230769231 0.047435897435897434 0.07403846153846154
0 0.8346153846153846 0.8204326923076923 0.06217948717948718 0.09086538461538463
0 0.8775641025641026 0.7836538461538461 0.0641025641025641 0.08750000000000001
0 0.8677884615384616 0.8423076923076923 0.04775641025641025 0.07980769230769232
0 0.9094551282051282 0.9137019230769231 0.06698717948717949 0.08221153846153846
0 0.9796474358974359 0.43485576923076924 0.03942307692307692 0.06971153846153846
0 0.5264423076923077 0.6637019230769231 0.06891025641025642 0.09471153846153847
0 0.4482371794871795 0.6843750000000001 0.058012820512820515 0.08798076923076924
0 0.5075320512820513 0.7286057692307693 0.06570512820512821 0.09278846153846154
0 0.5570512820512821 0.8036057692307693 0.06346153846153846 0.09086538461538463
0 0.5262820512820513 0.8086538461538462 0.0532051282051282 0.09326923076923077
0 0.6887820512820513 0.7278846153846155 0.000641025641025641 0.0019230769230769232
