0 0.802724358974359 0.28125 0.0516025641025641 0.08461538461538462
0 0.7600961538461538 0.2605769230769231 0.058012820512820515 0.09807692307692309
0 0.6894230769230769 0.6360576923076924 0.06282051282051282 0.0903846153846154
0 0.6520833333333333 0.6754807692307693 0.061217948717948716 0.08750000000000001
0 0.7075320512820513 0.6980769230769232 0.05416666666666667 0.07980769230769232
0 0.7732371794871795 0.7598557692307693 0.06506410256410257 0.08605769230769231
0 0.532051282051282 0.8887019230769231 0.05128205128205128 0.06875
0 0.5477564102564103 0.9305288461538462 0.05576923076923077 0.0716346153846154
0 0.44022435897435896 0.6867788461538462 0.06314102564102564 0.08701923076923078
0 0.425 0.6992788461538462 0.04807692307692308 0.07932692307692309
0 0.4671474358974359 0.7173076923076923 0.05673076923076923 0.08461538461538462
0 0.4113782051282051 0.5555288461538462 0.06185897435897436 0.09278846153846154
0 0.4044871794871795 0.6192307692307693 0.07371794871794872 0.08846153846153847
0 0.350801282051282 0.5800480769230769 0.061217948717948716 0.08317307692307693
0 0.2831730769230769 0.525 0.055448717948717946 0.0826923076923077
0 0.19887820512820512 0.43317307692307694 0.06185897435897436 0.08942307692307692
0 0.1794871794871795 0.5074519230769231 0.047435897435897434 0.08413461538461539
0 0.2282051282051282 0.5060096153846154 0.05576923076923077 0.08509615384615385
