0 0.44375 0.43365384615384617 0.05673076923076923 0.08173076923076923
0 0.38269230769230766 0.24254807692307695 0.06346153846153846 0.08125
0 0.4201923076923077 0.17860576923076923 0.060897435897435896 0.09471153846153847
0 0.32019230769230766 0.07932692307692309 0.07179487179487179 0.08557692307692308
0 0.31826923076923075 0.12860576923076925 0.0673076923076923 0.08125
0 0.2939102564102564 0.028605769230769233 0.060897435897435896 0.058173076923076925
0 0.21330128205128204 0.06923076923076923 0.0625 0.0951923076923077
0 0.13317307692307692 0.35048076923076926 0.05480769230769231 0.0826923076923077
0 0.09278846153846154 0.4012019230769231 0.061217948717948716 0.08990384615384615
0 0.021314102564102565 0.3605769230769231 0.041346153846153845 0.06730769230769232
0 0.09631410256410257 0.6223557692307693 0.06057692307692308 0.07451923076923077
0 0.32259615384615387 0.6860576923076923 0.055448717948717946 0.07307692307692308
0 0.10512820512820513 0.9742788461538462 0.041666666666666664 0.049519230769230774
