0 0.4426282051282051 0.33990384615384617 0.06794871794871794 0.11346153846153847
0 0.48333333333333334 0.36923076923076925 0.0782051282051282 0.11634615384615385
0 0.5512820512820513 0.33052884615384615 0.07115384615384615 0.10144230769230769
0 0.5456730769230769 0.2266826923076923 0.07724358974358975 0.12067307692307692
0 0.5488782051282052 0.4242788461538462 0.0733974358974359 0.10913461538461539
0 0.607051282051282 0.390625 0.07051282051282051 0.11105769230769232
0 0.6139423076923077 0.46923076923076923 0.07147435897435897 0.10096153846153846
0 0.6564102564102564 0.40913461538461543 0.0673076923076923 0.10384615384615385
0 0.708173076923077 0.3480769230769231 0.07275641025641026 0.11634615384615385
0 0.6407051282051281 0.34687500000000004 0.06794871794871794 0.09855769230769232
0 0.6700320512820512 0.20096153846153847 0.07275641025641026 0.1125
0 0.7615384615384615 0.22187500000000002 0.06153846153846154 0.09278846153846154
0 0.7657051282051281 0.4259615384615385 0.07115384615384615 0.10192307692307692
0 0.7426282051282052 0.7028846153846154 0.0641025641025641 0.09134615384615385
