0 0.7439102564102564 0.14735576923076923 0.0391025641025641 0.0716346153846154
0 0.7038461538461539 0.6973557692307693 0.05448717948717949 0.06971153846153846
0 0.54375 0.7122596153846155 0.05416666666666667 0.08509615384615385
0 0.5040064102564102 0.7574519230769231 0.05929487179487179 0.08221153846153846
0 0.5333333333333333 0.83125 0.04807692307692308 0.07211538461538462
0 0.31314102564102564 0.7778846153846154 0.06987179487179487 0.09423076923076923
0 0.19647435897435897 0.6348557692307693 0.0685897435897436 0.0889423076923077
0 0.09326923076923077 0.659375 0.05705128205128205 0.0889423076923077
0 0.30448717948717946 0.4098557692307693 0.07307692307692308 0.10048076923076923
0 0.2983974358974359 0.3043269230769231 0.07051282051282051 0.09134615384615385
0 0.5413461538461538 0.284375 0.04807692307692308 0.06586538461538462
0 0.6677884615384615 0.42860576923076926 0.058012820512820515 0.08413461538461539
