0 0.5546474358974359 0.15865384615384617 0.06314102564102564 0.08461538461538462
0 0.3020833333333333 0.10048076923076923 0.06698717948717949 0.08653846153846154
0 0.6552884615384615 0.13245192307692308 0.06698717948717949 0.09182692307692308
0 0.7620192307692307 0.253125 0.0516025641025641 0.08605769230769231
0 0.8245192307692307 0.48557692307692313 0.058653846153846154 0.0826923076923077
0 0.6788461538461539 0.052403846153846155 0.0641025641025641 0.08076923076923077
0 0.7025641025641025 0.027403846153846154 0.05576923076923077 0.05288461538461539
0 0.48830128205128204 0.23197115384615385 0.06955128205128205 0.09182692307692308
0 0.6163461538461539 0.4930288461538462 0.05512820512820513 0.07355769230769231
0 0.7227564102564102 0.10120192307692308 0.06025641025641026 0.09182692307692308
