0 0.6208333333333333 0.21298076923076925 0.058333333333333334 0.08076923076923077
0 0.6538461538461539 0.203125 0.04038461538461539 0.08028846153846154
0 0.5958333333333333 0.23125 0.0532051282051282 0.0826923076923077
0 0.6913461538461538 0.661298076923077 0.05641025641025641 0.08990384615384615
0 0.7939102564102564 0.936298076923077 0.06025641025641026 0.07932692307692309
0 0.5195512820512821 0.8379807692307693 0.06346153846153846 0.0826923076923077
0 0.3525641025641026 0.878125 0.06474358974358975 0.08413461538461539
0 0.4544871794871795 0.7617788461538462 0.05448717948717949 0.06971153846153846
0 0.8783653846153846 0.5730769230769232 0.08237179487179487 0.1028846153846154
0 0.14006410256410257 0.7235576923076924 0.05897435897435897 0.07500000000000001
0 0.15336538461538463 0.6617788461538462 0.052884615384615384 0.0764423076923077
0 0.15705128205128205 0.9762019230769231 0.051923076923076926 0.04567307692307693
0 0.12131410256410256 0.8379807692307693 0.04262820512820513 0.06730769230769232
0 0.8193910256410256 0.540625 0.05352564102564102 0.06971153846153846
0 0.8540064102564102 0.4574519230769231 0.061217948717948716 0.0764423076923077
